Angle (rad),vitor_sin,Original Sin,Error
0.000000000000000,0.000000000000000,0.000000000000000,0.000000000000000
0.010000000000000,0.009999833334167,0.009999833334167,0.000000000000000
0.020000000000000,0.019998666693333,0.019998666693333,0.000000000000000
0.030000000000000,0.029995500202495,0.029995500202496,0.000000000000001
0.040000000000000,0.039989334186632,0.039989334186634,0.000000000000002
0.050000000000000,0.049979169270674,0.049979169270678,0.000000000000004
0.060000000000000,0.059964006479437,0.059964006479445,0.000000000000007
0.070000000000000,0.069942847337521,0.069942847337533,0.000000000000011
0.080000000000000,0.079914693969156,0.079914693969173,0.000000000000017
0.090000000000000,0.089878549197987,0.089878549198011,0.000000000000024
0.100000000000000,0.099833416646795,0.099833416646828,0.000000000000033
0.110000000000000,0.109778300837130,0.109778300837175,0.000000000000044
0.120000000000000,0.119712207288862,0.119712207288919,0.000000000000058
0.130000000000000,0.129634142619622,0.129634142619695,0.000000000000073
0.140000000000000,0.139543114644145,0.139543114644236,0.000000000000091
0.150000000000000,0.149438132473487,0.149438132473599,0.000000000000113
0.160000000000000,0.159318206614109,0.159318206614246,0.000000000000137
0.170000000000000,0.169182349066832,0.169182349066996,0.000000000000164
0.180000000000000,0.179029573425630,0.179029573425824,0.000000000000194
0.190000000000000,0.188858894976272,0.188858894976501,0.000000000000229
0.200000000000000,0.198669330794794,0.198669330795061,0.000000000000267
0.210000000000000,0.208459899845791,0.208459899846100,0.000000000000309
0.220000000000000,0.218229623080514,0.218229623080869,0.000000000000355
0.230000000000000,0.227977523534783,0.227977523535188,0.000000000000406
0.240000000000000,0.237702626426674,0.237702626427135,0.000000000000461
0.250000000000000,0.247403959254002,0.247403959254523,0.000000000000521
0.260000000000000,0.257080551891569,0.257080551892155,0.000000000000586
0.270000000000000,0.266731436688175,0.266731436688831,0.000000000000657
0.280000000000000,0.276355648563382,0.276355648564114,0.000000000000732
0.290000000000000,0.285952225104022,0.285952225104836,0.000000000000814
0.300000000000000,0.295520206660439,0.295520206661340,0.000000000000901
0.310000000000000,0.305058636442450,0.305058636443444,0.000000000000994
0.320000000000000,0.314566560615024,0.314566560616118,0.000000000001093
0.330000000000000,0.324043028393669,0.324043028394868,0.000000000001199
0.340000000000000,0.333487092139503,0.333487092140815,0.000000000001312
0.350000000000000,0.342897807454020,0.342897807455452,0.000000000001431
0.360000000000000,0.352274233273533,0.352274233275090,0.000000000001557
0.370000000000000,0.361615431963271,0.361615431964962,0.000000000001691
0.380000000000000,0.370920469411151,0.370920469412983,0.000000000001832
0.390000000000000,0.380188415121181,0.380188415123162,0.000000000001981
0.400000000000000,0.389418342306513,0.389418342308651,0.000000000002138
0.410000000000000,0.398609327982120,0.398609327984423,0.000000000002303
0.420000000000000,0.407760453057094,0.407760453059570,0.000000000002476
0.430000000000000,0.416870802426553,0.416870802429211,0.000000000002658
0.440000000000000,0.425939465063151,0.425939465066000,0.000000000002849
0.450000000000000,0.434965534108182,0.434965534111230,0.000000000003049
0.460000000000000,0.443948106962262,0.443948106965520,0.000000000003258
0.470000000000000,0.452886285375591,0.452886285379069,0.000000000003477
0.480000000000000,0.461779175537777,0.461779175541483,0.000000000003706
0.490000000000000,0.470625888167212,0.470625888171158,0.000000000003946
0.500000000000000,0.479425538600007,0.479425538604203,0.000000000004197
0.510000000000000,0.488177246878449,0.488177246882908,0.000000000004458
0.520000000000000,0.496880137839005,0.496880137843737,0.000000000004732
0.530000000000000,0.505533341199829,0.505533341204847,0.000000000005018
0.540000000000000,0.514135991647796,0.514135991653113,0.000000000005317
0.550000000000000,0.522687228925029,0.522687228930659,0.000000000005630
0.560000000000000,0.531186197914926,0.531186197920884,0.000000000005957
0.570000000000000,0.539632048727669,0.539632048733970,0.000000000006300
0.580000000000000,0.548023936785214,0.548023936791874,0.000000000006660
0.590000000000000,0.556361022905746,0.556361022912784,0.000000000007038
0.600000000000000,0.564642473387601,0.564642473395036,0.000000000007435
0.610000000000000,0.572867460092628,0.572867460100482,0.000000000007853
0.620000000000000,0.581035160529010,0.581035160537305,0.000000000008295
0.630000000000000,0.589144757933508,0.589144757942270,0.000000000008762
0.640000000000000,0.597195441353135,0.597195441362392,0.000000000009258
0.650000000000000,0.605186405726255,0.605186405736040,0.000000000009785
0.660000000000000,0.613116851963087,0.613116851973434,0.000000000010347
0.670000000000000,0.620985987025612,0.620985987036560,0.000000000010948
0.680000000000000,0.628793024006875,0.628793024018469,0.000000000011594
0.690000000000000,0.636537182209679,0.636537182221968,0.000000000012289
0.700000000000000,0.644217687224651,0.644217687237691,0.000000000013041
0.710000000000000,0.651833771007681,0.651833771021537,0.000000000013856
0.720000000000000,0.659384671956730,0.659384671971473,0.000000000014743
0.730000000000000,0.666869634987985,0.666869635003698,0.000000000015713
0.740000000000000,0.674287911611369,0.674287911628145,0.000000000016776
0.750000000000000,0.681638760005390,0.681638760023334,0.000000000017945
0.760000000000000,0.688921445091317,0.688921445110552,0.000000000019235
0.770000000000000,0.696135238606695,0.696135238627357,0.000000000020662
0.780000000000000,0.703279419178164,0.703279419200410,0.000000000022247
0.790000000000000,0.710353272415463,0.710353272417608,0.000000000002145
0.800000000000000,0.717356090897445,0.717356090899523,0.000000000002078
0.810000000000001,0.724287174368137,0.724287174370143,0.000000000002006
0.820000000000001,0.731145829724965,0.731145829726896,0.000000000001931
0.830000000000001,0.737931371108108,0.737931371109963,0.000000000001855
0.840000000000001,0.744643119969083,0.744643119970860,0.000000000001777
0.850000000000001,0.751280405138595,0.751280405140293,0.000000000001698
0.860000000000001,0.757842562893657,0.757842562895277,0.000000000001620
0.870000000000001,0.764328937023963,0.764328937025505,0.000000000001542
0.880000000000001,0.770738878897504,0.770738878898970,0.000000000001466
0.890000000000001,0.777071747525434,0.777071747526824,0.000000000001391
0.900000000000001,0.783326909626167,0.783326909627484,0.000000000001317
0.910000000000001,0.789503739688705,0.789503739689951,0.000000000001246
0.920000000000001,0.795601620035190,0.795601620036366,0.000000000001176
0.930000000000001,0.801619940882668,0.801619940883778,0.000000000001109
0.940000000000001,0.807558100404070,0.807558100405115,0.000000000001044
0.950000000000001,0.813415504788392,0.813415504789374,0.000000000000982
0.960000000000001,0.819191568300076,0.819191568300999,0.000000000000922
0.970000000000001,0.824885713337586,0.824885713338450,0.000000000000865
0.980000000000001,0.830497370491161,0.830497370491971,0.000000000000810
0.990000000000001,0.836025978599764,0.836025978600521,0.000000000000757
1.000000000000001,0.841470984807190,0.841470984807897,0.000000000000707
1.010000000000001,0.846831844617356,0.846831844618016,0.000000000000659
1.020000000000001,0.852108021948749,0.852108021949363,0.000000000000614
1.030000000000001,0.857298989188033,0.857298989188604,0.000000000000571
1.040000000000001,0.862404227242809,0.862404227243339,0.000000000000530
1.050000000000001,0.867423225593526,0.867423225594017,0.000000000000491
1.060000000000001,0.872355482344532,0.872355482344987,0.000000000000455
1.070000000000001,0.877200504274262,0.877200504274682,0.000000000000420
1.080000000000001,0.881957806884560,0.881957806884948,0.000000000000388
1.090000000000001,0.886626914449130,0.886626914449488,0.000000000000357
1.100000000000001,0.891207360061107,0.891207360061436,0.000000000000328
1.110000000000001,0.895698685679747,0.895698685680048,0.000000000000301
1.120000000000001,0.900100442176229,0.900100442176505,0.000000000000276
1.130000000000001,0.904412189378574,0.904412189378826,0.000000000000252
1.140000000000001,0.908633496115653,0.908633496115884,0.000000000000230
1.150000000000001,0.912763940260312,0.912763940260521,0.000000000000210
1.160000000000001,0.916803108771577,0.916803108771767,0.000000000000190
1.170000000000001,0.920750597735964,0.920750597736136,0.000000000000172
1.180000000000001,0.924606012407865,0.924606012408021,0.000000000000156
1.190000000000001,0.928368967249027,0.928368967249167,0.000000000000140
1.200000000000001,0.932039085967100,0.932039085967227,0.000000000000126
1.210000000000001,0.935616001553273,0.935616001553386,0.000000000000113
1.220000000000001,0.939099356318967,0.939099356319068,0.000000000000101
1.230000000000001,0.942488801931608,0.942488801931698,0.000000000000090
1.240000000000001,0.945783999449459,0.945783999449539,0.000000000000080
1.250000000000001,0.948984619355516,0.948984619355587,0.000000000000071
1.260000000000001,0.952090341590454,0.952090341590516,0.000000000000062
1.270000000000001,0.955100855584638,0.955100855584692,0.000000000000055
1.280000000000001,0.958015860289178,0.958015860289225,0.000000000000048
1.290000000000001,0.960835064206031,0.960835064206073,0.000000000000041
1.300000000000001,0.963558185417157,0.963558185417193,0.000000000000036
1.310000000000001,0.966184951612703,0.966184951612734,0.000000000000031
1.320000000000001,0.968715100118239,0.968715100118265,0.000000000000026
1.330000000000001,0.971148377921022,0.971148377921045,0.000000000000022
1.340000000000001,0.973484541695301,0.973484541695320,0.000000000000019
1.350000000000001,0.975723357826643,0.975723357826659,0.000000000000016
1.360000000000001,0.977864602435303,0.977864602435316,0.000000000000013
1.370000000000001,0.979908061398604,0.979908061398614,0.000000000000011
1.380000000000001,0.981853530372351,0.981853530372360,0.000000000000009
1.390000000000001,0.983700814811270,0.983700814811277,0.000000000000007
1.400000000000001,0.985449729988455,0.985449729988460,0.000000000000006
1.410000000000001,0.987100101013846,0.987100101013850,0.000000000000004
1.420000000000001,0.988651762851717,0.988651762851720,0.000000000000003
1.430000000000001,0.990104560337175,0.990104560337178,0.000000000000003
1.440000000000001,0.991458348191685,0.991458348191687,0.000000000000002
1.450000000000001,0.992712991037587,0.992712991037589,0.000000000000001
1.460000000000001,0.993868363411644,0.993868363411645,0.000000000000001
1.470000000000001,0.994924349777580,0.994924349777581,0.000000000000001
1.480000000000001,0.995880844537640,0.995880844537640,0.000000000000000
1.490000000000001,0.996737752043143,0.996737752043144,0.000000000000000
1.500000000000001,0.997494986604054,0.997494986604055,0.000000000000000
1.510000000000001,0.998152472497548,0.998152472497548,0.000000000000000
1.520000000000001,0.998710143975583,0.998710143975583,0.000000000000000
1.530000000000001,0.999167945271476,0.999167945271476,0.000000000000000
1.540000000000001,0.999525830605479,0.999525830605479,0.000000000000000
1.550000000000001,0.999783764189357,0.999783764189357,0.000000000000000
1.560000000000001,0.999941720229966,0.999941720229966,0.000000000000000
1.570000000000001,0.999999682931835,0.999999682931835,0.000000000000000
1.580000000000001,0.999957646498740,0.999957646498740,0.000000000000000
1.590000000000001,0.999815615134291,0.999815615134291,0.000000000000000
1.600000000000001,0.999573603041505,0.999573603041505,0.000000000000000
1.610000000000001,0.999231634421391,0.999231634421391,0.000000000000000
1.620000000000001,0.998789743470524,0.998789743470524,0.000000000000000
1.630000000000001,0.998247974377632,0.998247974377632,0.000000000000000
1.640000000000001,0.997606381319173,0.997606381319174,0.000000000000000
1.650000000000001,0.996865028453918,0.996865028453919,0.000000000000000
1.660000000000001,0.996023989916536,0.996023989916537,0.000000000000000
1.670000000000001,0.995083349810179,0.995083349810180,0.000000000000001
1.680000000000001,0.994043202198075,0.994043202198076,0.000000000000001
1.690000000000001,0.992903651094117,0.992903651094118,0.000000000000001
1.700000000000001,0.991664810452467,0.991664810452468,0.000000000000002
1.710000000000001,0.990326804156155,0.990326804156158,0.000000000000003
1.720000000000001,0.988889766004698,0.988889766004701,0.000000000000003
1.730000000000001,0.987353839700712,0.987353839700716,0.000000000000004
1.740000000000001,0.985719178835548,0.985719178835553,0.000000000000005
1.750000000000001,0.983985946873930,0.983985946873937,0.000000000000007
1.760000000000001,0.982154317137610,0.982154317137618,0.000000000000009
1.770000000000001,0.980224472788035,0.980224472788045,0.000000000000011
1.780000000000001,0.978196606808032,0.978196606808044,0.000000000000013
1.790000000000001,0.976070921982508,0.976070921982524,0.000000000000015
1.800000000000001,0.973847630878177,0.973847630878195,0.000000000000018
1.810000000000001,0.971526955822293,0.971526955822315,0.000000000000022
1.820000000000001,0.969109128880430,0.969109128880456,0.000000000000026
1.830000000000001,0.966594391833267,0.966594391833297,0.000000000000030
1.840000000000001,0.963982996152413,0.963982996152448,0.000000000000035
1.850000000000001,0.961275202975259,0.961275202975300,0.000000000000041
1.860000000000001,0.958471283078867,0.958471283078914,0.000000000000047
1.870000000000001,0.955571516852890,0.955571516852944,0.000000000000054
1.880000000000001,0.952576194271534,0.952576194271595,0.000000000000061
1.890000000000002,0.949485614864561,0.949485614864630,0.000000000000069
1.900000000000002,0.946300087687336,0.946300087687414,0.000000000000078
1.910000000000002,0.943019931289922,0.943019931290010,0.000000000000088
1.920000000000002,0.939645473685225,0.939645473685324,0.000000000000099
1.930000000000002,0.936177052316194,0.936177052316306,0.000000000000111
1.940000000000002,0.932615014022076,0.932615014022200,0.000000000000124
1.950000000000002,0.928959715003731,0.928959715003869,0.000000000000138
1.960000000000002,0.925211520788014,0.925211520788168,0.000000000000153
1.970000000000002,0.921370806191225,0.921370806191395,0.000000000000170
1.980000000000002,0.917437955281622,0.917437955281809,0.000000000000188
1.990000000000002,0.913413361341018,0.913413361341225,0.000000000000206
2.000000000000001,0.909297426825454,0.909297426825681,0.000000000000227
2.010000000000001,0.905090563324952,0.905090563325200,0.000000000000249
2.020000000000001,0.900793191522355,0.900793191522627,0.000000000000272
2.030000000000001,0.896405741151262,0.896405741151560,0.000000000000297
2.040000000000001,0.891928650953055,0.891928650953379,0.000000000000324
2.050000000000000,0.887362368633023,0.887362368633375,0.000000000000352
2.060000000000000,0.882707350815591,0.882707350815974,0.000000000000383
2.070000000000000,0.877964062998663,0.877964062999078,0.000000000000415
2.080000000000000,0.873132979507067,0.873132979507517,0.000000000000449
2.089999999999999,0.868214583445127,0.868214583445613,0.000000000000486
2.099999999999999,0.863209366648350,0.863209366648874,0.000000000000524
2.109999999999999,0.858117829634245,0.858117829634809,0.000000000000564
2.119999999999999,0.852940481552270,0.852940481552877,0.000000000000607
2.129999999999999,0.847677840132918,0.847677840133571,0.000000000000652
2.139999999999998,0.842330431635947,0.842330431636647,0.000000000000699
2.149999999999998,0.836898790797750,0.836898790798499,0.000000000000749
2.159999999999998,0.831383460777883,0.831383460778684,0.000000000000801
2.169999999999998,0.825784993104754,0.825784993105609,0.000000000000856
2.179999999999998,0.820103947620463,0.820103947621376,0.000000000000913
2.189999999999997,0.814340892424825,0.814340892425798,0.000000000000972
2.199999999999997,0.808496403818557,0.808496403819592,0.000000000001034
2.209999999999997,0.802571066245650,0.802571066246749,0.000000000001099
2.219999999999997,0.796565472234923,0.796565472236089,0.000000000001166
2.229999999999996,0.790480222340772,0.790480222342007,0.000000000001235
2.239999999999996,0.784315925083117,0.784315925084422,0.000000000001306
2.249999999999996,0.778073196886545,0.778073196887924,0.000000000001379
2.259999999999996,0.771752662018675,0.771752662020128,0.000000000001454
2.269999999999996,0.765354952527726,0.765354952529256,0.000000000001530
2.279999999999995,0.758880708179317,0.758880708180925,0.000000000001607
2.289999999999995,0.752330576392488,0.752330576394174,0.000000000001686
2.299999999999995,0.745705212174959,0.745705212176724,0.000000000001764
2.309999999999995,0.739005278057632,0.739005278059474,0.000000000001842
2.319999999999995,0.732231444028336,0.732231444030255,0.000000000001919
2.329999999999994,0.725384387464829,0.725384387466824,0.000000000001995
2.339999999999994,0.718464793067064,0.718464793069130,0.000000000002067
2.349999999999994,0.711473352788714,0.711473352790849,0.000000000002135
2.359999999999994,0.704410765747666,0.704410765770181,0.000000000022515
2.369999999999993,0.697277738239039,0.697277738259943,0.000000000020904
2.379999999999993,0.690074983537489,0.690074983556941,0.000000000019453
2.389999999999993,0.682803221912503,0.682803221930645,0.000000000018142
2.399999999999993,0.675463180534202,0.675463180551156,0.000000000016955
2.409999999999993,0.668055593400621,0.668055593416497,0.000000000015876
2.419999999999992,0.660581201264314,0.660581201279206,0.000000000014892
2.429999999999992,0.653040751558279,0.653040751572271,0.000000000013992
2.439999999999992,0.645434998321211,0.645434998334377,0.000000000013166
2.449999999999992,0.637764702122105,0.637764702134510,0.000000000012405
2.459999999999992,0.630030629984198,0.630030629995899,0.000000000011701
2.469999999999991,0.622233555308264,0.622233555319312,0.000000000011048
2.479999999999991,0.614374257795279,0.614374257805719,0.000000000010440
2.489999999999991,0.606453523368450,0.606453523378322,0.000000000009872
2.499999999999991,0.598472144094624,0.598472144103964,0.000000000009340
2.509999999999991,0.590430918105081,0.590430918113921,0.000000000008839
2.519999999999990,0.582330649515722,0.582330649524090,0.000000000008368
2.529999999999990,0.574172148346658,0.574172148354581,0.000000000007922
2.539999999999990,0.565956230441211,0.565956230448711,0.000000000007500
2.549999999999990,0.557683717384326,0.557683717391426,0.000000000007100
2.559999999999989,0.549355436420416,0.549355436427136,0.000000000006719
2.569999999999989,0.540972220370641,0.540972220376998,0.000000000006357
2.579999999999989,0.532534907549619,0.532534907555630,0.000000000006011
2.589999999999989,0.524044341681604,0.524044341687286,0.000000000005681
2.599999999999989,0.515501371816108,0.515501371821474,0.000000000005366
2.609999999999988,0.506906852242998,0.506906852248063,0.000000000005065
2.619999999999988,0.498261642407072,0.498261642411849,0.000000000004777
2.629999999999988,0.489566606822109,0.489566606826610,0.000000000004501
2.639999999999988,0.480822614984422,0.480822614988659,0.000000000004238
2.649999999999988,0.472030541285908,0.472030541289894,0.000000000003985
2.659999999999987,0.463191264926613,0.463191264930357,0.000000000003744
2.669999999999987,0.454305669826805,0.454305669830318,0.000000000003513
2.679999999999987,0.445374644538591,0.445374644541883,0.000000000003292
2.689999999999987,0.436399082157057,0.436399082160138,0.000000000003081
2.699999999999986,0.427379880230962,0.427379880233842,0.000000000002880
2.709999999999986,0.418317940672984,0.418317940675671,0.000000000002688
2.719999999999986,0.409214169669526,0.409214169672030,0.000000000002504
2.729999999999986,0.400069477590103,0.400069477592433,0.000000000002330
2.739999999999986,0.390884778896302,0.390884778898466,0.000000000002164
2.749999999999985,0.381660992050340,0.381660992052345,0.000000000002006
2.759999999999985,0.372399039423214,0.372399039425069,0.000000000001856
2.769999999999985,0.363099847202469,0.363099847204182,0.000000000001713
2.779999999999985,0.353764345299579,0.353764345301157,0.000000000001578
2.789999999999985,0.344393467256954,0.344393467258405,0.000000000001451
2.799999999999984,0.334988150154589,0.334988150155920,0.000000000001330
2.809999999999984,0.325549334516358,0.325549334517575,0.000000000001217
2.819999999999984,0.316077964215959,0.316077964217069,0.000000000001110
2.829999999999984,0.306574986382529,0.306574986383539,0.000000000001010
2.839999999999983,0.297041351305933,0.297041351306848,0.000000000000915
2.849999999999983,0.287478012341733,0.287478012342561,0.000000000000827
2.859999999999983,0.277885925815858,0.277885925816603,0.000000000000745
2.869999999999983,0.268266050928966,0.268266050929635,0.000000000000668
2.879999999999983,0.258619349660530,0.258619349661128,0.000000000000597
2.889999999999982,0.248946786672638,0.248946786673170,0.000000000000531
2.899999999999982,0.239249329213529,0.239249329214000,0.000000000000470
2.909999999999982,0.229527947020868,0.229527947021282,0.000000000000414
2.919999999999982,0.219783612224772,0.219783612225135,0.000000000000363
2.929999999999982,0.210017299250601,0.210017299250917,0.000000000000316
2.939999999999981,0.200229984721515,0.200229984721789,0.000000000000273
2.949999999999981,0.190422647360811,0.190422647361046,0.000000000000235
2.959999999999981,0.180596267894052,0.180596267894252,0.000000000000200
2.969999999999981,0.170751828950996,0.170751828951165,0.000000000000169
2.979999999999980,0.160890314967334,0.160890314967475,0.000000000000141
2.989999999999980,0.151012712086247,0.151012712086364,0.000000000000116
2.999999999999980,0.141120008059792,0.141120008059887,0.000000000000095
3.009999999999980,0.131213192150128,0.131213192150204,0.000000000000076
3.019999999999980,0.121293255030590,0.121293255030650,0.000000000000060
3.029999999999979,0.111361188686624,0.111361188686670,0.000000000000046
3.039999999999979,0.101417986316588,0.101417986316623,0.000000000000035
3.049999999999979,0.091464642232432,0.091464642232458,0.000000000000026
3.059999999999979,0.081502151760272,0.081502151760290,0.000000000000018
3.069999999999979,0.071531511140853,0.071531511140865,0.000000000000012
3.079999999999978,0.061553717429927,0.061553717429935,0.000000000000008
3.089999999999978,0.051569768398552,0.051569768398556,0.000000000000005
3.099999999999978,0.041580662433310,0.041580662433313,0.000000000000003
3.109999999999978,0.031587398436475,0.031587398436476,0.000000000000001
3.119999999999978,0.021590975726118,0.021590975726119,0.000000000000000
3.129999999999977,0.011592393936181,0.011592393936181,0.000000000000000
3.139999999999977,0.001592652916510,0.001592652916510,0.000000000000000
3.149999999999977,-0.008407247367126,-0.008407247367126,0.000000000000000
3.159999999999977,-0.018406306933030,-0.018406306933030,0.000000000000000
3.169999999999976,-0.028403525883580,-0.028403525883580,0.000000000000001
3.179999999999976,-0.038397904505210,-0.038397904505211,0.000000000000002
3.189999999999976,-0.048388443368387,-0.048388443368390,0.000000000000004
3.199999999999976,-0.058374143427549,-0.058374143427556,0.000000000000007
3.209999999999976,-0.068354006121013,-0.068354006121023,0.000000000000011
3.219999999999975,-0.078327033470825,-0.078327033470841,0.000000000000016
3.229999999999975,-0.088292228182560,-0.088292228182583,0.000000000000023
3.239999999999975,-0.098248593745052,-0.098248593745083,0.000000000000032
3.249999999999975,-0.108195134530041,-0.108195134530083,0.000000000000042
3.259999999999975,-0.118130855891737,-0.118130855891792,0.000000000000055
3.269999999999974,-0.128054764266284,-0.128054764266354,0.000000000000070
3.279999999999974,-0.137965867271113,-0.137965867271201,0.000000000000088
3.289999999999974,-0.147863173804184,-0.147863173804293,0.000000000000109
3.299999999999974,-0.157745694143090,-0.157745694143222,0.000000000000132
3.309999999999973,-0.167612440044033,-0.167612440044192,0.000000000000159
3.319999999999973,-0.177462424840645,-0.177462424840834,0.000000000000189
3.329999999999973,-0.187294663542654,-0.187294663542877,0.000000000000223
3.339999999999973,-0.197108172934383,-0.197108172934643,0.000000000000260
3.349999999999973,-0.206901971673071,-0.206901971673373,0.000000000000302
3.359999999999972,-0.216675080387005,-0.216675080387353,0.000000000000347
3.369999999999972,-0.226426521773459,-0.226426521773856,0.000000000000397
3.379999999999972,-0.236155320696418,-0.236155320696870,0.000000000000452
3.389999999999972,-0.245860504284098,-0.245860504284609,0.000000000000511
3.399999999999972,-0.255541102026228,-0.255541102026804,0.000000000000575
3.409999999999971,-0.265196145871101,-0.265196145871746,0.000000000000645
3.419999999999971,-0.274824670322377,-0.274824670323096,0.000000000000720
3.429999999999971,-0.284425712535634,-0.284425712536434,0.000000000000800
3.439999999999971,-0.293998312414653,-0.293998312415540,0.000000000000886
3.449999999999970,-0.303541512707422,-0.303541512708401,0.000000000000979
3.459999999999970,-0.313054359101865,-0.313054359102942,0.000000000001077
3.469999999999970,-0.322535900321269,-0.322535900322450,0.000000000001182
3.479999999999970,-0.331985188219412,-0.331985188220706,0.000000000001293
3.489999999999970,-0.341401277875381,-0.341401277876792,0.000000000001411
3.499999999999969,-0.350783227688054,-0.350783227689591,0.000000000001537
3.509999999999969,-0.360130099470270,-0.360130099471940,0.000000000001669
3.519999999999969,-0.369440958542639,-0.369440958544448,0.000000000001809
3.529999999999969,-0.378714873827012,-0.378714873828969,0.000000000001957
3.539999999999969,-0.387950917939589,-0.387950917941701,0.000000000002112
3.549999999999968,-0.397148167283655,-0.397148167285931,0.000000000002276
3.559999999999968,-0.406305702141940,-0.406305702144388,0.000000000002448
3.569999999999968,-0.415422606768589,-0.415422606771217,0.000000000002628
3.579999999999968,-0.424497969480736,-0.424497969483553,0.000000000002818
3.589999999999967,-0.433530882749673,-0.433530882752688,0.000000000003016
3.599999999999967,-0.442520443291599,-0.442520443294823,0.000000000003224
3.609999999999967,-0.451465752157952,-0.451465752161394,0.000000000003441
3.619999999999967,-0.460365914825300,-0.460365914828969,0.000000000003669
3.629999999999967,-0.469220041284791,-0.469220041288698,0.000000000003907
3.639999999999966,-0.478027246131157,-0.478027246135313,0.000000000004156
3.649999999999966,-0.486786648651254,-0.486786648655670,0.000000000004416
3.659999999999966,-0.495497372912128,-0.495497372916815,0.000000000004688
3.669999999999966,-0.504158547848610,-0.504158547853582,0.000000000004972
3.679999999999966,-0.512769307350426,-0.512769307355694,0.000000000005268
3.689999999999965,-0.521328790348798,-0.521328790354377,0.000000000005579
3.699999999999965,-0.529836140902559,-0.529836140908464,0.000000000005904
3.709999999999965,-0.538290508283743,-0.538290508289988,0.000000000006245
3.719999999999965,-0.546691047062656,-0.546691047069257,0.000000000006601
3.729999999999965,-0.555036917192418,-0.555036917199394,0.000000000006976
3.739999999999964,-0.563327284092970,-0.563327284100340,0.000000000007370
3.749999999999964,-0.571561318734529,-0.571561318742314,0.000000000007785
3.759999999999964,-0.579738197720491,-0.579738197728713,0.000000000008223
3.769999999999964,-0.587857103369767,-0.587857103378453,0.000000000008686
3.779999999999963,-0.595917223798558,-0.595917223807735,0.000000000009177
3.789999999999963,-0.603917753001533,-0.603917753011231,0.000000000009698
3.799999999999963,-0.611857890932435,-0.611857890942690,0.000000000010255
3.809999999999963,-0.619736843584084,-0.619736843594934,0.000000000010850
3.819999999999963,-0.627553823067777,-0.627553823079264,0.000000000011488
3.829999999999962,-0.635308047692072,-0.635308047704247,0.000000000012175
3.839999999999962,-0.642998742040963,-0.642998742053880,0.000000000012917
3.849999999999962,-0.650625137051417,-0.650625137065138,0.000000000013721
3.859999999999962,-0.658186470090279,-0.658186470104876,0.000000000014597
3.869999999999962,-0.665681985030538,-0.665681985046090,0.000000000015553
3.879999999999961,-0.673110932326933,-0.673110932343533,0.000000000016600
3.889999999999961,-0.680472569090914,-0.680472569108665,0.000000000017751
3.899999999999961,-0.687766159164925,-0.687766159183945,0.000000000019021
3.909999999999961,-0.694990973196019,-0.694990973216444,0.000000000020425
3.919999999999960,-0.702146288708794,-0.702146288730777,0.000000000021983
3.929999999999960,-0.709231390199203,-0.709231390201358,0.000000000002155
3.939999999999960,-0.716245569121854,-0.716245569123943,0.000000000002089
3.949999999999960,-0.723188124084467,-0.723188124086484,0.000000000002018
3.959999999999960,-0.730058360837329,-0.730058360839272,0.000000000001943
3.969999999999959,-0.736855592362489,-0.736855592364356,0.000000000001867
3.979999999999959,-0.743579138942458,-0.743579138944247,0.000000000001789
3.989999999999959,-0.750228328228181,-0.750228328229892,0.000000000001711
3.999999999999959,-0.756802495306269,-0.756802495307901,0.000000000001632
4.009999999999959,-0.763300982765493,-0.763300982767047,0.000000000001554
4.019999999999959,-0.769723140762520,-0.769723140763998,0.000000000001478
4.029999999999959,-0.776068327086904,-0.776068327088306,0.000000000001402
4.039999999999958,-0.782335907225298,-0.782335907226627,0.000000000001329
4.049999999999958,-0.788525254424913,-0.788525254426169,0.000000000001257
4.059999999999958,-0.794635749756184,-0.794635749757372,0.000000000001187
4.069999999999958,-0.800666782174672,-0.800666782175792,0.000000000001120
4.079999999999957,-0.806617748582161,-0.806617748583215,0.000000000001055
4.089999999999957,-0.812488053886968,-0.812488053887959,0.000000000000992
4.099999999999957,-0.818277111063454,-0.818277111064386,0.000000000000931
4.109999999999957,-0.823984341210728,-0.823984341211601,0.000000000000874
4.119999999999957,-0.829609173610528,-0.829609173611347,0.000000000000818
4.129999999999956,-0.835151045784304,-0.835151045785070,0.000000000000765
4.139999999999956,-0.840609403549456,-0.840609403550171,0.000000000000715
4.149999999999956,-0.845983701074756,-0.845983701075423,0.000000000000667
4.159999999999956,-0.851273400934930,-0.851273400935551,0.000000000000621
4.169999999999956,-0.856477974164401,-0.856477974164978,0.000000000000578
4.179999999999955,-0.861596900310182,-0.861596900310718,0.000000000000536
4.189999999999955,-0.866629667483924,-0.866629667484422,0.000000000000497
4.199999999999955,-0.871575772413105,-0.871575772413566,0.000000000000461
4.209999999999955,-0.876434720491354,-0.876434720491780,0.000000000000426
4.219999999999955,-0.881206025827911,-0.881206025828304,0.000000000000393
4.229999999999954,-0.885889211296219,-0.885889211296581,0.000000000000362
4.239999999999954,-0.890483808581635,-0.890483808581968,0.000000000000333
4.249999999999954,-0.894989358228257,-0.894989358228563,0.000000000000306
4.259999999999954,-0.899405409684878,-0.899405409685157,0.000000000000280
4.269999999999953,-0.903731521350030,-0.903731521350286,0.000000000000256
4.279999999999953,-0.907967260616152,-0.907967260616386,0.000000000000234
4.289999999999953,-0.912112203912848,-0.912112203913061,0.000000000000213
4.299999999999953,-0.916165936749243,-0.916165936749436,0.000000000000193
4.309999999999953,-0.920128053755430,-0.920128053755605,0.000000000000175
4.319999999999952,-0.923998158723011,-0.923998158723170,0.000000000000158
4.329999999999952,-0.927775864644715,-0.927775864644858,0.000000000000143
4.339999999999952,-0.931460793753097,-0.931460793753225,0.000000000000128
4.349999999999952,-0.935052577558317,-0.935052577558432,0.000000000000115
4.359999999999952,-0.938550856884988,-0.938550856885091,0.000000000000103
4.369999999999951,-0.941955281908093,-0.941955281908185,0.000000000000092
4.379999999999951,-0.945265512187966,-0.945265512188047,0.000000000000081
4.389999999999951,-0.948481216704338,-0.948481216704410,0.000000000000072
4.399999999999951,-0.951602073889437,-0.951602073889501,0.000000000000064
4.409999999999950,-0.954627771660146,-0.954627771660202,0.000000000000056
4.419999999999950,-0.957558007449208,-0.957558007449257,0.000000000000049
4.429999999999950,-0.960392488235487,-0.960392488235529,0.000000000000042
4.439999999999950,-0.963130930573266,-0.963130930573303,0.000000000000037
4.449999999999950,-0.965773060620594,-0.965773060620626,0.000000000000032
4.459999999999949,-0.968318614166667,-0.968318614166695,0.000000000000027
4.469999999999949,-0.970767336658253,-0.970767336658276,0.000000000000023
4.479999999999949,-0.973118983225143,-0.973118983225162,0.000000000000019
4.489999999999949,-0.975373318704639,-0.975373318704655,0.000000000000016
4.499999999999949,-0.977530117665073,-0.977530117665086,0.000000000000014
4.509999999999948,-0.979589164428345,-0.979589164428357,0.000000000000011
4.519999999999948,-0.981550253091496,-0.981550253091506,0.000000000000009
4.529999999999948,-0.983413187547294,-0.983413187547301,0.000000000000007
4.539999999999948,-0.985177781503845,-0.985177781503850,0.000000000000006
4.549999999999947,-0.986843858503223,-0.986843858503228,0.000000000000005
4.559999999999947,-0.988411251939119,-0.988411251939122,0.000000000000004
4.569999999999947,-0.989879805073494,-0.989879805073496,0.000000000000003
4.579999999999947,-0.991249371052258,-0.991249371052260,0.000000000000002
4.589999999999947,-0.992519812919955,-0.992519812919957,0.000000000000001
4.599999999999946,-0.993691003633457,-0.993691003633458,0.000000000000001
4.609999999999946,-0.994762826074669,-0.994762826074670,0.000000000000001
4.619999999999946,-0.995735173062240,-0.995735173062240,0.000000000000000
4.629999999999946,-0.996607947362281,-0.996607947362281,0.000000000000000
4.639999999999946,-0.997381061698089,-0.997381061698089,0.000000000000000
4.649999999999945,-0.998054438758876,-0.998054438758876,0.000000000000000
4.659999999999945,-0.998628011207496,-0.998628011207496,0.000000000000000
4.669999999999945,-0.999101721687182,-0.999101721687182,0.000000000000000
4.679999999999945,-0.999475522827282,-0.999475522827282,0.000000000000000
4.689999999999944,-0.999749377247993,-0.999749377247993,0.000000000000000
4.699999999999944,-0.999923257564100,-0.999923257564100,0.000000000000000
4.709999999999944,-0.999997146387718,-0.999997146387718,0.000000000000000
4.719999999999944,-0.999971036330025,-0.999971036330025,0.000000000000000
4.729999999999944,-0.999844930002005,-0.999844930002005,0.000000000000000
4.739999999999943,-0.999618840014187,-0.999618840014187,0.000000000000000
4.749999999999943,-0.999292788975380,-0.999292788975380,0.000000000000000
4.759999999999943,-0.998866809490417,-0.998866809490417,0.000000000000000
4.769999999999943,-0.998340944156891,-0.998340944156891,0.000000000000000
4.779999999999943,-0.997715245560897,-0.997715245560897,0.000000000000000
4.789999999999942,-0.996989776271774,-0.996989776271774,0.000000000000000
4.799999999999942,-0.996164608835845,-0.996164608835846,0.000000000000000
4.809999999999942,-0.995239825769168,-0.995239825769168,0.000000000000001
4.819999999999942,-0.994215519549277,-0.994215519549278,0.000000000000001
4.829999999999942,-0.993091792605941,-0.993091792605942,0.000000000000001
4.839999999999941,-0.991868757310918,-0.991868757310920,0.000000000000002
4.849999999999941,-0.990546535966719,-0.990546535966721,0.000000000000002
4.859999999999941,-0.989125260794375,-0.989125260794379,0.000000000000003
4.869999999999941,-0.987605073920220,-0.987605073920225,0.000000000000004
4.879999999999940,-0.985986127361675,-0.985986127361680,0.000000000000005
4.889999999999940,-0.984268583012045,-0.984268583012052,0.000000000000007
4.899999999999940,-0.982452612624335,-0.982452612624344,0.000000000000008
4.909999999999940,-0.980538397794070,-0.980538397794081,0.000000000000010
4.919999999999940,-0.978526129941139,-0.978526129941151,0.000000000000012
4.929999999999939,-0.976416010290648,-0.976416010290663,0.000000000000015
4.939999999999939,-0.974208249852805,-0.974208249852823,0.000000000000018
4.949999999999939,-0.971903069401814,-0.971903069401835,0.000000000000021
4.959999999999939,-0.969500699453799,-0.969500699453824,0.000000000000025
4.969999999999939,-0.967001380243752,-0.967001380243782,0.000000000000029
4.979999999999938,-0.964405361701513,-0.964405361701547,0.000000000000034
4.989999999999938,-0.961712903426771,-0.961712903426810,0.000000000000040
4.999999999999938,-0.958924274663110,-0.958924274663156,0.000000000000046
5.009999999999938,-0.956039754271084,-0.956039754271136,0.000000000000052
5.019999999999937,-0.953059630700327,-0.953059630700387,0.000000000000060
5.029999999999937,-0.949984201960712,-0.949984201960780,0.000000000000068
5.039999999999937,-0.946813775592552,-0.946813775592629,0.000000000000077
5.049999999999937,-0.943548668635841,-0.943548668635927,0.000000000000087
5.059999999999937,-0.940189207598553,-0.940189207598650,0.000000000000098
5.069999999999936,-0.936735728423992,-0.936735728424101,0.000000000000109
5.079999999999936,-0.933188576457199,-0.933188576457321,0.000000000000122
5.089999999999936,-0.929548106410413,-0.929548106410549,0.000000000000136
5.099999999999936,-0.925814682327606,-0.925814682327757,0.000000000000151
5.109999999999936,-0.921988677548074,-0.921988677548241,0.000000000000167
5.119999999999935,-0.918070474669108,-0.918070474669293,0.000000000000185
5.129999999999935,-0.914060465507730,-0.914060465507933,0.000000000000203
5.139999999999935,-0.909959051061514,-0.909959051061738,0.000000000000224
5.149999999999935,-0.905766641468487,-0.905766641468732,0.000000000000245
5.159999999999934,-0.901483655966115,-0.901483655966383,0.000000000000268
5.169999999999934,-0.897110522849378,-0.897110522849671,0.000000000000293
5.179999999999934,-0.892647679427945,-0.892647679428264,0.000000000000320
5.189999999999934,-0.888095571982437,-0.888095571982785,0.000000000000348
5.199999999999934,-0.883454655719806,-0.883454655720184,0.000000000000378
5.209999999999933,-0.878725394727812,-0.878725394728222,0.000000000000410
5.219999999999933,-0.873908261928611,-0.873908261929055,0.000000000000444
5.229999999999933,-0.869003739031470,-0.869003739031950,0.000000000000480
5.239999999999933,-0.864012316484591,-0.864012316485108,0.000000000000518
5.249999999999933,-0.858934493426069,-0.858934493426627,0.000000000000558
5.259999999999932,-0.853770777633978,-0.853770777634579,0.000000000000600
5.269999999999932,-0.848521685475596,-0.848521685476240,0.000000000000645
5.279999999999932,-0.843187741855762,-0.843187741856454,0.000000000000692
5.289999999999932,-0.837769480164394,-0.837769480165135,0.000000000000741
5.299999999999931,-0.832267442223146,-0.832267442223939,0.000000000000793
5.309999999999931,-0.826682178231228,-0.826682178232075,0.000000000000847
5.319999999999931,-0.821014246710383,-0.821014246711287,0.000000000000904
5.329999999999931,-0.815264214449041,-0.815264214450004,0.000000000000963
5.339999999999931,-0.809432656445636,-0.809432656446660,0.000000000001025
5.349999999999930,-0.803520155851109,-0.803520155852197,0.000000000001088
5.359999999999930,-0.797527303910592,-0.797527303911747,0.000000000001155
5.369999999999930,-0.791454699904285,-0.791454699905509,0.000000000001224
5.379999999999930,-0.785302951087530,-0.785302951088824,0.000000000001294
5.389999999999930,-0.779072672630080,-0.779072672631447,0.000000000001367
5.399999999999929,-0.772764487554590,-0.772764487556032,0.000000000001442
5.409999999999929,-0.766379026674312,-0.766379026675830,0.000000000001518
5.419999999999929,-0.759916928530012,-0.759916928531607,0.000000000001595
5.429999999999929,-0.753378839326120,-0.753378839327793,0.000000000001673
5.439999999999928,-0.746765412866108,-0.746765412867860,0.000000000001752
5.449999999999928,-0.740077310487113,-0.740077310488943,0.000000000001830
5.459999999999928,-0.733315200993798,-0.733315200995705,0.000000000001907
5.469999999999928,-0.726479760591480,-0.726479760593463,0.000000000001983
5.479999999999928,-0.719571672818503,-0.719571672820558,0.000000000002055
5.489999999999927,-0.712591628477888,-0.712591628480013,0.000000000002124
5.499999999999927,-0.705540325547656,-0.705540325570444,0.000000000022788
5.509999999999927,-0.698418469195117,-0.698418469216266,0.000000000021149
5.519999999999927,-0.691226771577506,-0.691226771597180,0.000000000019674
5.529999999999927,-0.683965951858612,-0.683965951876954,0.000000000018342
5.539999999999926,-0.676636736114375,-0.676636736131511,0.000000000017136
5.549999999999926,-0.669239857260276,-0.669239857276317,0.000000000016041
5.559999999999926,-0.661776054978050,-0.661776054993093,0.000000000015043
5.569999999999926,-0.654246075641717,-0.654246075655848,0.000000000014131
5.579999999999926,-0.646650672242947,-0.646650672256240,0.000000000013293
5.589999999999925,-0.638990604315759,-0.638990604328281,0.000000000012522
5.599999999999925,-0.631266637860570,-0.631266637872379,0.000000000011810
5.609999999999925,-0.623479545267595,-0.623479545278744,0.000000000011149
5.619999999999925,-0.615630105239612,-0.615630105250146,0.000000000010534
5.629999999999924,-0.607719102714086,-0.607719102724046,0.000000000009960
5.639999999999924,-0.599747328784682,-0.599747328794104,0.000000000009422
5.649999999999924,-0.591715580622154,-0.591715580631071,0.000000000008917
5.659999999999924,-0.583624661394628,-0.583624661403069,0.000000000008441
5.669999999999924,-0.575475380187288,-0.575475380195280,0.000000000007992
5.679999999999923,-0.567268551921466,-0.567268551929032,0.000000000007566
5.689999999999923,-0.559004997273151,-0.559004997280313,0.000000000007162
5.699999999999923,-0.550685542590924,-0.550685542597702,0.000000000006779
5.709999999999923,-0.542311019813321,-0.542311019819735,0.000000000006413
5.719999999999923,-0.533882266385644,-0.533882266391710,0.000000000006065
5.729999999999922,-0.525400125176213,-0.525400125181946,0.000000000005733
5.739999999999922,-0.516865444392080,-0.516865444397496,0.000000000005416
5.749999999999922,-0.508279077494214,-0.508279077499326,0.000000000005112
5.759999999999922,-0.499641883112148,-0.499641883116970,0.000000000004822
5.769999999999921,-0.490954724958125,-0.490954724962670,0.000000000004544
5.779999999999921,-0.482218471740722,-0.482218471745001,0.000000000004279
5.789999999999921,-0.473433997077980,-0.473433997082005,0.000000000004025
5.799999999999921,-0.464602179410046,-0.464602179413827,0.000000000003782
5.809999999999921,-0.455723901911327,-0.455723901914876,0.000000000003549
5.819999999999920,-0.446800052402175,-0.446800052405502,0.000000000003327
5.829999999999920,-0.437831523260104,-0.437831523263219,0.000000000003114
5.839999999999920,-0.428819211330557,-0.428819211333468,0.000000000002912
5.849999999999920,-0.419764017837214,-0.419764017839932,0.000000000002718
5.859999999999920,-0.410666848291881,-0.410666848294415,0.000000000002533
5.869999999999919,-0.401528612403931,-0.401528612406289,0.000000000002357
5.879999999999919,-0.392350223989339,-0.392350223991528,0.000000000002190
5.889999999999919,-0.383132600879296,-0.383132600881326,0.000000000002030
5.899999999999919,-0.373876664828433,-0.373876664830312,0.000000000001879
5.909999999999918,-0.364583341422642,-0.364583341424377,0.000000000001736
5.919999999999918,-0.355253559986520,-0.355253559988119,0.000000000001599
5.929999999999918,-0.345888253490435,-0.345888253491906,0.000000000001471
5.939999999999918,-0.336488358457233,-0.336488358458582,0.000000000001349
5.949999999999918,-0.327054814868584,-0.327054814869819,0.000000000001235
5.959999999999917,-0.317588566070987,-0.317588566072113,0.000000000001127
5.969999999999917,-0.308090558681431,-0.308090558682457,0.000000000001025
5.979999999999917,-0.298561742492743,-0.298561742493673,0.000000000000930
5.989999999999917,-0.289003070378600,-0.289003070379441,0.000000000000841
5.999999999999917,-0.279415498198248,-0.279415498199006,0.000000000000758
6.009999999999916,-0.269799984700916,-0.269799984701597,0.000000000000680
6.019999999999916,-0.260157491429941,-0.260157491430550,0.000000000000608
6.029999999999916,-0.250488982626615,-0.250488982627157,0.000000000000542
6.039999999999916,-0.240795425133761,-0.240795425134241,0.000000000000480
6.049999999999915,-0.231077788299051,-0.231077788299474,0.000000000000423
6.059999999999915,-0.221337043878071,-0.221337043878442,0.000000000000371
6.069999999999915,-0.211574165937145,-0.211574165937468,0.000000000000323
6.079999999999915,-0.201790130755932,-0.201790130756212,0.000000000000280
6.089999999999915,-0.191985916729798,-0.191985916730039,0.000000000000241
6.099999999999914,-0.182162504271975,-0.182162504272180,0.000000000000205
6.109999999999914,-0.172320875715522,-0.172320875715695,0.000000000000173
6.119999999999914,-0.162462015215094,-0.162462015215239,0.000000000000145
6.129999999999914,-0.152586908648526,-0.152586908648646,0.000000000000120
6.139999999999914,-0.142696543518246,-0.142696543518344,0.000000000000098
6.149999999999913,-0.132791908852524,-0.132791908852603,0.000000000000079
6.159999999999913,-0.122873995106574,-0.122873995106636,0.000000000000063
6.169999999999913,-0.112943794063505,-0.112943794063554,0.000000000000049
6.179999999999913,-0.103002298735148,-0.103002298735184,0.000000000000037
6.189999999999913,-0.093050503262749,-0.093050503262776,0.000000000000027
6.199999999999912,-0.083089402817565,-0.083089402817584,0.000000000000019
6.209999999999912,-0.073119993501337,-0.073119993501351,0.000000000000013
6.219999999999912,-0.063143272246692,-0.063143272246701,0.000000000000009
6.229999999999912,-0.053160236717440,-0.053160236717445,0.000000000000005
6.239999999999911,-0.043171885208814,-0.043171885208817,0.000000000000003
6.249999999999911,-0.033179216547644,-0.033179216547646,0.000000000000001
6.259999999999911,-0.023183229992468,-0.023183229992468,0.000000000000001
6.269999999999911,-0.013184925133611,-0.013184925133611,0.000000000000000
6.279999999999911,-0.003185301793227,-0.003185301793228,0.000000000000000
