exponent,        func_exp,       original_exp,        Error
-5.000000000000000,0.006737946999088,0.006737946999085,0.000000000000003
-4.990000000000000,0.006805664492233,0.006805664492231,0.000000000000003
-4.980000000000000,0.006874062557499,0.006874062557496,0.000000000000003
-4.970000000000001,0.006943148034749,0.006943148034746,0.000000000000003
-4.960000000000001,0.007012927832588,0.007012927832585,0.000000000000003
-4.950000000000001,0.007083408929055,0.007083408929052,0.000000000000003
-4.940000000000001,0.007154598372317,0.007154598372315,0.000000000000003
-4.930000000000001,0.007226503281379,0.007226503281376,0.000000000000003
-4.920000000000002,0.007299130846791,0.007299130846789,0.000000000000003
-4.910000000000002,0.007372488331371,0.007372488331368,0.000000000000003
-4.900000000000002,0.007446583070927,0.007446583070924,0.000000000000003
-4.890000000000002,0.007521422474996,0.007521422474993,0.000000000000003
-4.880000000000003,0.007597014027580,0.007597014027578,0.000000000000003
-4.870000000000003,0.007673365287898,0.007673365287895,0.000000000000003
-4.860000000000003,0.007750483891140,0.007750483891137,0.000000000000003
-4.850000000000003,0.007828377549229,0.007828377549226,0.000000000000003
-4.840000000000003,0.007907054051596,0.007907054051593,0.000000000000003
-4.830000000000004,0.007986521265958,0.007986521265955,0.000000000000003
-4.820000000000004,0.008066787139103,0.008066787139100,0.000000000000003
-4.810000000000004,0.008147859697683,0.008147859697680,0.000000000000003
-4.800000000000004,0.008229747049023,0.008229747049020,0.000000000000003
-4.790000000000004,0.008312457381926,0.008312457381923,0.000000000000003
-4.780000000000005,0.008395998967495,0.008395998967491,0.000000000000003
-4.770000000000005,0.008480380159957,0.008480380159953,0.000000000000003
-4.760000000000005,0.008565609397501,0.008565609397498,0.000000000000003
-4.750000000000005,0.008651695203124,0.008651695203121,0.000000000000003
-4.740000000000006,0.008738646185477,0.008738646185473,0.000000000000003
-4.730000000000006,0.008826471039730,0.008826471039727,0.000000000000003
-4.720000000000006,0.008915178548443,0.008915178548439,0.000000000000003
-4.710000000000006,0.009004777582440,0.009004777582437,0.000000000000003
-4.700000000000006,0.009095277101699,0.009095277101696,0.000000000000003
-4.690000000000007,0.009186686156248,0.009186686156245,0.000000000000003
-4.680000000000007,0.009279013887069,0.009279013887065,0.000000000000004
-4.670000000000007,0.009372269527009,0.009372269527006,0.000000000000003
-4.660000000000007,0.009466462401714,0.009466462401710,0.000000000000003
-4.650000000000007,0.009561601930547,0.009561601930543,0.000000000000004
-4.640000000000008,0.009657697627542,0.009657697627538,0.000000000000004
-4.630000000000008,0.009754759102346,0.009754759102343,0.000000000000004
-4.620000000000008,0.009852796061191,0.009852796061187,0.000000000000004
-4.610000000000008,0.009951818307852,0.009951818307848,0.000000000000003
-4.600000000000009,0.010051835744637,0.010051835744633,0.000000000000004
-4.590000000000009,0.010152858373374,0.010152858373370,0.000000000000004
-4.580000000000009,0.010254896296408,0.010254896296404,0.000000000000004
-4.570000000000009,0.010357959717617,0.010357959717614,0.000000000000004
-4.560000000000009,0.010462058943431,0.010462058943427,0.000000000000004
-4.550000000000010,0.010567204383857,0.010567204383853,0.000000000000004
-4.540000000000010,0.010673406553527,0.010673406553523,0.000000000000004
-4.530000000000010,0.010780676072747,0.010780676072743,0.000000000000004
-4.520000000000010,0.010889023668559,0.010889023668554,0.000000000000004
-4.510000000000010,0.010998460175811,0.010998460175807,0.000000000000004
-4.500000000000011,0.011108996538246,0.011108996538242,0.000000000000004
-4.490000000000011,0.011220643809593,0.011220643809589,0.000000000000004
-4.480000000000011,0.011333413154671,0.011333413154667,0.000000000000004
-4.470000000000011,0.011447315850509,0.011447315850506,0.000000000000004
-4.460000000000012,0.011562363287472,0.011562363287468,0.000000000000004
-4.450000000000012,0.011678566970399,0.011678566970395,0.000000000000004
-4.440000000000012,0.011795938519755,0.011795938519751,0.000000000000004
-4.430000000000012,0.011914489672793,0.011914489672789,0.000000000000004
-4.420000000000012,0.012034232284728,0.012034232284724,0.000000000000004
-4.410000000000013,0.012155178329919,0.012155178329915,0.000000000000004
-4.400000000000013,0.012277339903072,0.012277339903068,0.000000000000004
-4.390000000000013,0.012400729220447,0.012400729220443,0.000000000000004
-4.380000000000013,0.012525358621078,0.012525358621074,0.000000000000004
-4.370000000000013,0.012651240568009,0.012651240568005,0.000000000000004
-4.360000000000014,0.012778387649540,0.012778387649536,0.000000000000004
-4.350000000000014,0.012906812580484,0.012906812580480,0.000000000000004
-4.340000000000014,0.013036528203442,0.013036528203438,0.000000000000004
-4.330000000000014,0.013167547490084,0.013167547490080,0.000000000000004
-4.320000000000014,0.013299883542448,0.013299883542444,0.000000000000004
-4.310000000000015,0.013433549594250,0.013433549594245,0.000000000000004
-4.300000000000015,0.013568559012205,0.013568559012201,0.000000000000005
-4.290000000000015,0.013704925297369,0.013704925297365,0.000000000000005
-4.280000000000015,0.013842662086484,0.013842662086479,0.000000000000004
-4.270000000000016,0.013981783153343,0.013981783153338,0.000000000000005
-4.260000000000016,0.014122302410168,0.014122302410164,0.000000000000005
-4.250000000000016,0.014264233909004,0.014264233908999,0.000000000000005
-4.240000000000016,0.014407591843117,0.014407591843112,0.000000000000005
-4.230000000000016,0.014552390548421,0.014552390548416,0.000000000000005
-4.220000000000017,0.014698644504906,0.014698644504902,0.000000000000005
-4.210000000000017,0.014846368338091,0.014846368338087,0.000000000000005
-4.200000000000017,0.014995576820482,0.014995576820477,0.000000000000005
-4.190000000000017,0.015146284873052,0.015146284873047,0.000000000000005
-4.180000000000017,0.015298507566730,0.015298507566725,0.000000000000005
-4.170000000000018,0.015452260123914,0.015452260123909,0.000000000000005
-4.160000000000018,0.015607557919988,0.015607557919983,0.000000000000005
-4.150000000000018,0.015764416484860,0.015764416484854,0.000000000000005
-4.140000000000018,0.015922851504517,0.015922851504511,0.000000000000005
-4.130000000000019,0.016082878822594,0.016082878822588,0.000000000000006
-4.120000000000019,0.016244514441955,0.016244514441950,0.000000000000005
-4.110000000000019,0.016407774526297,0.016407774526292,0.000000000000005
-4.100000000000019,0.016572675401767,0.016572675401761,0.000000000000006
-4.090000000000019,0.016739233558586,0.016739233558580,0.000000000000005
-4.080000000000020,0.016907465652710,0.016907465652705,0.000000000000005
-4.070000000000020,0.017077388507490,0.017077388507484,0.000000000000006
-4.060000000000020,0.017249019115351,0.017249019115346,0.000000000000005
-4.050000000000020,0.017422374639499,0.017422374639493,0.000000000000006
-4.040000000000020,0.017597472415629,0.017597472415623,0.000000000000006
-4.030000000000021,0.017774329953665,0.017774329953659,0.000000000000006
-4.020000000000021,0.017952964939509,0.017952964939502,0.000000000000006
-4.010000000000021,0.018133395236807,0.018133395236801,0.000000000000006
-4.000000000000021,0.018315638888740,0.018315638888734,0.000000000000006
-3.990000000000022,0.018499714119825,0.018499714119819,0.000000000000006
-3.980000000000022,0.018685639337739,0.018685639337732,0.000000000000006
-3.970000000000022,0.018873433135158,0.018873433135151,0.000000000000007
-3.960000000000022,0.019063114291617,0.019063114291611,0.000000000000006
-3.950000000000022,0.019254701775393,0.019254701775386,0.000000000000007
-3.940000000000023,0.019448214745391,0.019448214745385,0.000000000000006
-3.930000000000023,0.019643672553071,0.019643672553065,0.000000000000006
-3.920000000000023,0.019841094744377,0.019841094744370,0.000000000000007
-3.910000000000023,0.020040501061690,0.020040501061684,0.000000000000006
-3.900000000000023,0.020241911445811,0.020241911445804,0.000000000000007
-3.890000000000024,0.020445346037944,0.020445346037937,0.000000000000007
-3.880000000000024,0.020650825181719,0.020650825181712,0.000000000000006
-3.870000000000024,0.020858369425221,0.020858369425214,0.000000000000007
-3.860000000000024,0.021067999523048,0.021067999523041,0.000000000000007
-3.850000000000025,0.021279736438383,0.021279736438377,0.000000000000007
-3.840000000000025,0.021493601345097,0.021493601345089,0.000000000000007
-3.830000000000025,0.021709615629855,0.021709615629848,0.000000000000007
-3.820000000000025,0.021927800894268,0.021927800894261,0.000000000000007
-3.810000000000025,0.022148178957043,0.022148178957037,0.000000000000006
-3.800000000000026,0.022370771856171,0.022370771856165,0.000000000000006
-3.790000000000026,0.022595601851127,0.022595601851121,0.000000000000006
-3.780000000000026,0.022822691425098,0.022822691425092,0.000000000000006
-3.770000000000026,0.023052063287231,0.023052063287225,0.000000000000006
-3.760000000000026,0.023283740374903,0.023283740374896,0.000000000000007
-3.750000000000027,0.023517745856015,0.023517745856008,0.000000000000007
-3.740000000000027,0.023754103131311,0.023754103131304,0.000000000000006
-3.730000000000027,0.023992835836715,0.023992835836709,0.000000000000007
-3.720000000000027,0.024233967845697,0.024233967845690,0.000000000000007
-3.710000000000027,0.024477523271659,0.024477523271652,0.000000000000007
-3.700000000000028,0.024723526470346,0.024723526470339,0.000000000000007
-3.690000000000028,0.024972002042282,0.024972002042275,0.000000000000007
-3.680000000000028,0.025222974835234,0.025222974835227,0.000000000000007
-3.670000000000028,0.025476469946687,0.025476469946680,0.000000000000007
-3.660000000000029,0.025732512726367,0.025732512726359,0.000000000000007
-3.650000000000029,0.025991128778762,0.025991128778755,0.000000000000007
-3.640000000000029,0.026252343965694,0.026252343965687,0.000000000000007
-3.630000000000029,0.026516184408900,0.026516184408893,0.000000000000007
-3.620000000000029,0.026782676492645,0.026782676492637,0.000000000000007
-3.610000000000030,0.027051846866357,0.027051846866350,0.000000000000008
-3.600000000000030,0.027323722447299,0.027323722447292,0.000000000000007
-3.590000000000030,0.027598330423256,0.027598330423248,0.000000000000007
-3.580000000000030,0.027875698255254,0.027875698255246,0.000000000000008
-3.570000000000030,0.028155853680307,0.028155853680299,0.000000000000008
-3.560000000000031,0.028438824714192,0.028438824714184,0.000000000000008
-3.550000000000031,0.028724639654246,0.028724639654239,0.000000000000008
-3.540000000000031,0.029013327082204,0.029013327082196,0.000000000000008
-3.530000000000031,0.029304915867048,0.029304915867040,0.000000000000008
-3.520000000000032,0.029599435167899,0.029599435167891,0.000000000000008
-3.510000000000032,0.029896914436934,0.029896914436925,0.000000000000009
-3.500000000000032,0.030197383422326,0.030197383422318,0.000000000000008
-3.490000000000032,0.030500872171225,0.030500872171217,0.000000000000009
-3.480000000000032,0.030807411032759,0.030807411032750,0.000000000000009
-3.470000000000033,0.031117030661069,0.031117030661060,0.000000000000009
-3.460000000000033,0.031429762018376,0.031429762018367,0.000000000000009
-3.450000000000033,0.031745636378076,0.031745636378067,0.000000000000009
-3.440000000000033,0.032064685327868,0.032064685327860,0.000000000000009
-3.430000000000033,0.032386940772915,0.032386940772906,0.000000000000009
-3.420000000000034,0.032712434939027,0.032712434939019,0.000000000000009
-3.410000000000034,0.033041200375894,0.033041200375886,0.000000000000008
-3.400000000000034,0.033373269960334,0.033373269960325,0.000000000000009
-3.390000000000034,0.033708676899581,0.033708676899571,0.000000000000010
-3.380000000000035,0.034047454734608,0.034047454734598,0.000000000000010
-3.370000000000035,0.034389637343481,0.034389637343472,0.000000000000010
-3.360000000000035,0.034735258944748,0.034735258944737,0.000000000000011
-3.350000000000035,0.035084354100854,0.035084354100844,0.000000000000010
-3.340000000000035,0.035436957721607,0.035436957721597,0.000000000000010
-3.330000000000036,0.035793105067664,0.035793105067654,0.000000000000010
-3.320000000000036,0.036152831754055,0.036152831754045,0.000000000000010
-3.310000000000036,0.036516173753750,0.036516173753739,0.000000000000011
-3.300000000000036,0.036883167401248,0.036883167401239,0.000000000000009
-3.290000000000036,0.037253849396225,0.037253849396214,0.000000000000011
-3.280000000000037,0.037628256807185,0.037628256807175,0.000000000000010
-3.270000000000037,0.038006427075184,0.038006427075173,0.000000000000011
-3.260000000000037,0.038388398017562,0.038388398017551,0.000000000000011
-3.250000000000037,0.038774207831732,0.038774207831721,0.000000000000011
-3.240000000000038,0.039163895098996,0.039163895098986,0.000000000000010
-3.230000000000038,0.039557498788408,0.039557498788397,0.000000000000010
-3.220000000000038,0.039955058260664,0.039955058260652,0.000000000000011
-3.210000000000038,0.040356613272040,0.040356613272030,0.000000000000011
-3.200000000000038,0.040762203978376,0.040762203978365,0.000000000000012
-3.190000000000039,0.041171870939076,0.041171870939066,0.000000000000009
-3.180000000000039,0.041585655121181,0.041585655121172,0.000000000000010
-3.170000000000039,0.042003597903454,0.042003597903444,0.000000000000010
-3.160000000000039,0.042425741080520,0.042425741080510,0.000000000000010
-3.150000000000039,0.042852126867050,0.042852126867038,0.000000000000011
-3.140000000000040,0.043282797901975,0.043282797901964,0.000000000000011
-3.130000000000040,0.043717797252760,0.043717797252749,0.000000000000011
-3.120000000000040,0.044157168419703,0.044157168419691,0.000000000000012
-3.110000000000040,0.044600955340283,0.044600955340273,0.000000000000010
-3.100000000000041,0.045049202393567,0.045049202393556,0.000000000000011
-3.090000000000041,0.045501954404630,0.045501954404620,0.000000000000010
-3.080000000000041,0.045959256649053,0.045959256649042,0.000000000000011
-3.070000000000041,0.046421154857440,0.046421154857429,0.000000000000011
-3.060000000000041,0.046887695219997,0.046887695219987,0.000000000000010
-3.050000000000042,0.047358924391150,0.047358924391139,0.000000000000011
-3.040000000000042,0.047834889494207,0.047834889494196,0.000000000000011
-3.030000000000042,0.048315638126076,0.048315638126066,0.000000000000010
-3.020000000000042,0.048801218362021,0.048801218362011,0.000000000000010
-3.010000000000042,0.049291678760471,0.049291678760460,0.000000000000011
-3.000000000000043,0.049787068367874,0.049787068367862,0.000000000000012
-2.990000000000043,0.050287436723601,0.050287436723590,0.000000000000011
-2.980000000000043,0.050792833864907,0.050792833864896,0.000000000000011
-2.970000000000043,0.051303310331927,0.051303310331917,0.000000000000010
-2.960000000000043,0.051818917172735,0.051818917172724,0.000000000000011
-2.950000000000044,0.052339705948441,0.052339705948430,0.000000000000011
-2.940000000000044,0.052865728738359,0.052865728738348,0.000000000000011
-2.930000000000044,0.053397038145207,0.053397038145195,0.000000000000012
-2.920000000000044,0.053933687300366,0.053933687300354,0.000000000000013
-2.910000000000045,0.054475729869200,0.054475729869187,0.000000000000012
-2.900000000000045,0.055023220056417,0.055023220056405,0.000000000000012
-2.890000000000045,0.055576212611493,0.055576212611481,0.000000000000012
-2.880000000000045,0.056134762834144,0.056134762834131,0.000000000000012
-2.870000000000045,0.056698926579856,0.056698926579844,0.000000000000012
-2.860000000000046,0.057268760265477,0.057268760265465,0.000000000000012
-2.850000000000046,0.057844320874848,0.057844320874836,0.000000000000012
-2.840000000000046,0.058425665964510,0.058425665964498,0.000000000000012
-2.830000000000046,0.059012853669458,0.059012853669445,0.000000000000013
-2.820000000000046,0.059605942708950,0.059605942708937,0.000000000000013
-2.810000000000047,0.060204992392384,0.060204992392371,0.000000000000013
-2.800000000000047,0.060810062625229,0.060810062625215,0.000000000000014
-2.790000000000047,0.061421213915011,0.061421213914997,0.000000000000014
-2.780000000000047,0.062038507377369,0.062038507377355,0.000000000000014
-2.770000000000048,0.062662004742166,0.062662004742150,0.000000000000015
-2.760000000000048,0.063291768359650,0.063291768359638,0.000000000000012
-2.750000000000048,0.063927861206720,0.063927861206705,0.000000000000016
-2.740000000000048,0.064570346893178,0.064570346893165,0.000000000000013
-2.730000000000048,0.065219289668136,0.065219289668124,0.000000000000012
-2.720000000000049,0.065874754426412,0.065874754426400,0.000000000000012
-2.710000000000049,0.066536806715028,0.066536806715014,0.000000000000014
-2.700000000000049,0.067205512739764,0.067205512739746,0.000000000000018
-2.690000000000049,0.067880939371776,0.067880939371758,0.000000000000018
-2.680000000000049,0.068563154154291,0.068563154154275,0.000000000000017
-2.670000000000050,0.069252225309357,0.069252225309343,0.000000000000015
-2.660000000000050,0.069948221744667,0.069948221744652,0.000000000000015
-2.650000000000050,0.070651213060441,0.070651213060426,0.000000000000015
-2.640000000000050,0.071361269556397,0.071361269556382,0.000000000000015
-2.630000000000051,0.072078462238779,0.072078462238762,0.000000000000016
-2.620000000000051,0.072802862827448,0.072802862827432,0.000000000000016
-2.610000000000051,0.073534543763067,0.073534543763053,0.000000000000014
-2.600000000000051,0.074273578214346,0.074273578214330,0.000000000000016
-2.590000000000051,0.075020040085338,0.075020040085323,0.000000000000015
-2.580000000000052,0.075774004022857,0.075774004022842,0.000000000000016
-2.570000000000052,0.076535545423922,0.076535545423908,0.000000000000015
-2.560000000000052,0.077304740443315,0.077304740443296,0.000000000000019
-2.550000000000052,0.078081666001168,0.078081666001149,0.000000000000019
-2.540000000000052,0.078866399790688,0.078866399790671,0.000000000000017
-2.530000000000053,0.079659020285911,0.079659020285894,0.000000000000018
-2.520000000000053,0.080459606749545,0.080459606749528,0.000000000000017
-2.510000000000053,0.081268239240903,0.081268239240887,0.000000000000016
-2.500000000000053,0.082084998623912,0.082084998623894,0.000000000000018
-2.490000000000054,0.082909966575186,0.082909966575168,0.000000000000018
-2.480000000000054,0.083743225592209,0.083743225592191,0.000000000000017
-2.470000000000054,0.084584859001578,0.084584859001560,0.000000000000018
-2.460000000000054,0.085434950967335,0.085434950967317,0.000000000000019
-2.450000000000054,0.086293586499383,0.086293586499366,0.000000000000017
-2.440000000000055,0.087160851461996,0.087160851461977,0.000000000000020
-2.430000000000055,0.088036832582385,0.088036832582368,0.000000000000017
-2.420000000000055,0.088921617459397,0.088921617459381,0.000000000000016
-2.410000000000055,0.089815294572258,0.089815294572243,0.000000000000015
-2.400000000000055,0.090717953289423,0.090717953289407,0.000000000000015
-2.390000000000056,0.091629683877517,0.091629683877500,0.000000000000017
-2.380000000000056,0.092550577510355,0.092550577510338,0.000000000000017
-2.370000000000056,0.093480726278069,0.093480726278053,0.000000000000015
-2.360000000000056,0.094420223196312,0.094420223196297,0.000000000000015
-2.350000000000056,0.095369162215560,0.095369162215544,0.000000000000016
-2.340000000000057,0.096327638230502,0.096327638230488,0.000000000000015
-2.330000000000057,0.097295747089542,0.097295747089527,0.000000000000015
-2.320000000000057,0.098273585604373,0.098273585604356,0.000000000000017
-2.310000000000057,0.099261251559657,0.099261251559640,0.000000000000017
-2.300000000000058,0.100258843722816,0.100258843722798,0.000000000000018
-2.290000000000058,0.101266461853895,0.101266461853878,0.000000000000017
-2.280000000000058,0.102284206715550,0.102284206715532,0.000000000000018
-2.270000000000058,0.103312180083111,0.103312180083094,0.000000000000017
-2.260000000000058,0.104350484754775,0.104350484754759,0.000000000000016
-2.250000000000059,0.105399224561876,0.105399224561858,0.000000000000018
-2.240000000000059,0.106458504379264,0.106458504379247,0.000000000000018
-2.230000000000059,0.107528430135806,0.107528430135789,0.000000000000017
-2.220000000000059,0.108609108824967,0.108609108824952,0.000000000000016
-2.210000000000059,0.109700648515523,0.109700648515505,0.000000000000018
-2.200000000000060,0.110803158362345,0.110803158362327,0.000000000000017
-2.190000000000060,0.111916748617342,0.111916748617322,0.000000000000020
-2.180000000000060,0.113041530640462,0.113041530640443,0.000000000000019
-2.170000000000060,0.114177616910848,0.114177616910830,0.000000000000018
-2.160000000000061,0.115325121038074,0.115325121038056,0.000000000000018
-2.150000000000061,0.116484157773509,0.116484157773490,0.000000000000019
-2.140000000000061,0.117654843021792,0.117654843021772,0.000000000000020
-2.130000000000061,0.118837293852422,0.118837293852402,0.000000000000019
-2.120000000000061,0.120031628511470,0.120031628511449,0.000000000000021
-2.110000000000062,0.121237966433392,0.121237966433374,0.000000000000018
-2.100000000000062,0.122456428252995,0.122456428252974,0.000000000000021
-2.090000000000062,0.123687135817468,0.123687135817447,0.000000000000020
-2.080000000000062,0.124930212198597,0.124930212198575,0.000000000000022
-2.070000000000062,0.126185781705048,0.126185781705031,0.000000000000017
-2.060000000000063,0.127453969894837,0.127453969894813,0.000000000000024
-2.050000000000063,0.128734903587815,0.128734903587796,0.000000000000019
-2.040000000000063,0.130028710878438,0.130028710878418,0.000000000000020
-2.030000000000063,0.131335521148505,0.131335521148485,0.000000000000020
-2.020000000000064,0.132655465080138,0.132655465080113,0.000000000000025
-2.010000000000064,0.133988674668816,0.133988674668796,0.000000000000020
-2.000000000000064,0.135335283236627,0.135335283236604,0.000000000000023
-1.990000000000064,0.136695425445534,0.136695425445515,0.000000000000019
-1.980000000000064,0.138069237310904,0.138069237310884,0.000000000000020
-1.970000000000064,0.139456856215065,0.139456856215042,0.000000000000023
-1.960000000000064,0.140858420921060,0.140858420921036,0.000000000000024
-1.950000000000064,0.142274071586532,0.142274071586504,0.000000000000028
-1.940000000000064,0.143703949777716,0.143703949777694,0.000000000000022
-1.930000000000064,0.145148198483638,0.145148198483614,0.000000000000024
-1.920000000000064,0.146606962130365,0.146606962130341,0.000000000000024
-1.910000000000064,0.148080386595476,0.148080386595453,0.000000000000023
-1.900000000000064,0.149568619222645,0.149568619222625,0.000000000000020
-1.890000000000064,0.151071808836383,0.151071808836361,0.000000000000022
-1.880000000000064,0.152590105756903,0.152590105756874,0.000000000000029
-1.870000000000064,0.154123661815148,0.154123661815122,0.000000000000026
-1.860000000000064,0.155672630368013,0.155672630367987,0.000000000000026
-1.850000000000064,0.157237166313643,0.157237166313618,0.000000000000026
-1.840000000000064,0.158817426106931,0.158817426106911,0.000000000000021
-1.830000000000064,0.160413567775188,0.160413567775163,0.000000000000026
-1.820000000000064,0.162025750933894,0.162025750933870,0.000000000000023
-1.810000000000064,0.163654136802719,0.163654136802694,0.000000000000025
-1.800000000000064,0.165298888221608,0.165298888221576,0.000000000000032
-1.790000000000064,0.166960169667056,0.166960169667030,0.000000000000026
-1.780000000000064,0.168638147268614,0.168638147268585,0.000000000000029
-1.770000000000064,0.170332988825430,0.170332988825399,0.000000000000031
-1.760000000000064,0.172044863823064,0.172044863823040,0.000000000000025
-1.750000000000064,0.173773943450464,0.173773943450434,0.000000000000030
-1.740000000000064,0.175520400617009,0.175520400616986,0.000000000000024
-1.730000000000064,0.177284409969886,0.177284409969866,0.000000000000020
-1.720000000000064,0.179066147911503,0.179066147911482,0.000000000000021
-1.710000000000064,0.180865792617130,0.180865792617111,0.000000000000020
-1.700000000000064,0.182683524052743,0.182683524052723,0.000000000000020
-1.690000000000064,0.184519523993000,0.184519523992978,0.000000000000023
-1.680000000000064,0.186373976039422,0.186373976039398,0.000000000000024
-1.670000000000064,0.188247065638755,0.188247065638735,0.000000000000020
-1.660000000000064,0.190138980101531,0.190138980101508,0.000000000000022
-1.650000000000064,0.192049908620760,0.192049908620742,0.000000000000018
-1.640000000000064,0.193980042290901,0.193980042290880,0.000000000000021
-1.630000000000064,0.195929574126919,0.195929574126897,0.000000000000022
-1.620000000000064,0.197898699083626,0.197898699083602,0.000000000000023
-1.610000000000064,0.199887614075156,0.199887614075132,0.000000000000025
-1.600000000000064,0.201896517994664,0.201896517994643,0.000000000000022
-1.590000000000064,0.203925611734221,0.203925611734200,0.000000000000021
-1.580000000000064,0.205975098204897,0.205975098204870,0.000000000000027
-1.570000000000064,0.208045182357031,0.208045182357007,0.000000000000024
-1.560000000000064,0.210136071200776,0.210136071200751,0.000000000000025
-1.550000000000064,0.212247973826752,0.212247973826730,0.000000000000023
-1.540000000000064,0.214381101426989,0.214381101426964,0.000000000000025
-1.530000000000064,0.216535667316017,0.216535667315993,0.000000000000024
-1.520000000000064,0.218711886952225,0.218711886952201,0.000000000000024
-1.510000000000064,0.220909977959391,0.220909977959364,0.000000000000026
-1.500000000000064,0.223130160148439,0.223130160148416,0.000000000000024
-1.490000000000063,0.225372655539450,0.225372655539424,0.000000000000025
-1.480000000000063,0.227637688383822,0.227637688383798,0.000000000000024
-1.470000000000063,0.229925485186736,0.229925485186709,0.000000000000027
-1.460000000000063,0.232236274729771,0.232236274729744,0.000000000000027
-1.450000000000063,0.234570288093808,0.234570288093783,0.000000000000025
-1.440000000000063,0.236927758682132,0.236927758682107,0.000000000000026
-1.430000000000063,0.239308922243765,0.239308922243739,0.000000000000025
-1.420000000000063,0.241714016897046,0.241714016897021,0.000000000000025
-1.410000000000063,0.244143283153448,0.244143283153422,0.000000000000027
-1.400000000000063,0.246596963941619,0.246596963941591,0.000000000000029
-1.390000000000063,0.249075304631680,0.249075304631652,0.000000000000027
-1.380000000000063,0.251578553059774,0.251578553059741,0.000000000000034
-1.370000000000063,0.254106959552812,0.254106959552784,0.000000000000028
-1.360000000000063,0.256660776953574,0.256660776953540,0.000000000000034
-1.350000000000063,0.259240260645912,0.259240260645875,0.000000000000037
-1.340000000000063,0.261845668580344,0.261845668580309,0.000000000000035
-1.330000000000063,0.264477261299831,0.264477261299807,0.000000000000024
-1.320000000000063,0.267135301965864,0.267135301965833,0.000000000000031
-1.310000000000063,0.269820056384703,0.269820056384670,0.000000000000033
-1.300000000000063,0.272531793034027,0.272531793033995,0.000000000000031
-1.290000000000063,0.275270783089759,0.275270783089735,0.000000000000024
-1.280000000000063,0.278037300453214,0.278037300453177,0.000000000000037
-1.270000000000063,0.280831621778387,0.280831621778362,0.000000000000025
-1.260000000000063,0.283654026499777,0.283654026499752,0.000000000000025
-1.250000000000063,0.286504796860198,0.286504796860172,0.000000000000026
-1.240000000000063,0.289384217939073,0.289384217939032,0.000000000000041
-1.230000000000063,0.292292577680884,0.292292577680841,0.000000000000043
-1.220000000000063,0.295230166924023,0.295230166923996,0.000000000000027
-1.210000000000063,0.298197279429899,0.298197279429869,0.000000000000030
-1.200000000000063,0.301194211912211,0.301194211912183,0.000000000000028
-1.190000000000063,0.304221264066722,0.304221264066685,0.000000000000037
-1.180000000000063,0.307278738601145,0.307278738601112,0.000000000000033
-1.170000000000063,0.310366941265495,0.310366941265465,0.000000000000030
-1.160000000000063,0.313486180882628,0.313486180882586,0.000000000000043
-1.150000000000063,0.316636769379062,0.316636769379033,0.000000000000029
-1.140000000000063,0.319819021816326,0.319819021816284,0.000000000000042
-1.130000000000063,0.323033256422266,0.323033256422233,0.000000000000034
-1.120000000000063,0.326279794623055,0.326279794623019,0.000000000000036
-1.110000000000063,0.329558961075212,0.329558961075168,0.000000000000044
-1.100000000000063,0.332871083698100,0.332871083698059,0.000000000000041
-1.090000000000063,0.336216493706754,0.336216493706712,0.000000000000042
-1.080000000000063,0.339595525644954,0.339595525644918,0.000000000000036
-1.070000000000063,0.343008517418722,0.343008517418685,0.000000000000037
-1.060000000000063,0.346455810330070,0.346455810330036,0.000000000000034
-1.050000000000063,0.349937749111161,0.349937749111133,0.000000000000028
-1.040000000000063,0.353454681958783,0.353454681958758,0.000000000000025
-1.030000000000063,0.357006960569154,0.357006960569125,0.000000000000030
-1.020000000000063,0.360594940173072,0.360594940173056,0.000000000000017
-1.010000000000063,0.364218979571525,0.364218979571500,0.000000000000024
-1.000000000000063,0.367879441171449,0.367879441171419,0.000000000000030
-0.990000000000063,0.371576691022041,0.371576691022022,0.000000000000019
-0.980000000000063,0.375311098851396,0.375311098851376,0.000000000000020
-0.970000000000063,0.379083038103395,0.379083038103375,0.000000000000020
-0.960000000000063,0.382892885975110,0.382892885975088,0.000000000000022
-0.950000000000063,0.386741023454494,0.386741023454477,0.000000000000017
-0.940000000000063,0.390627835358517,0.390627835358496,0.000000000000020
-0.930000000000063,0.394553710371605,0.394553710371576,0.000000000000029
-0.920000000000063,0.398519041084513,0.398519041084489,0.000000000000024
-0.910000000000063,0.402524224033633,0.402524224033611,0.000000000000022
-0.900000000000063,0.406569659740597,0.406569659740574,0.000000000000024
-0.890000000000063,0.410655752752343,0.410655752752320,0.000000000000024
-0.880000000000063,0.414782911681577,0.414782911681555,0.000000000000022
-0.870000000000063,0.418951549247640,0.418951549247613,0.000000000000027
-0.860000000000063,0.423162082317741,0.423162082317722,0.000000000000019
-0.850000000000063,0.427414931948724,0.427414931948700,0.000000000000024
-0.840000000000063,0.431710523429081,0.431710523429053,0.000000000000028
-0.830000000000063,0.436049286321530,0.436049286321508,0.000000000000022
-0.820000000000063,0.440431654505997,0.440431654505972,0.000000000000025
-0.810000000000063,0.444858066222940,0.444858066222913,0.000000000000027
-0.800000000000063,0.449328964117212,0.449328964117193,0.000000000000019
-0.790000000000063,0.453844795282358,0.453844795282327,0.000000000000030
-0.780000000000063,0.458406011305223,0.458406011305195,0.000000000000029
-0.770000000000063,0.463013068311227,0.463013068311199,0.000000000000028
-0.760000000000063,0.467666427009907,0.467666427009880,0.000000000000027
-0.750000000000063,0.472366552741011,0.472366552740985,0.000000000000026
-0.740000000000063,0.477113915521031,0.477113915521004,0.000000000000026
-0.730000000000063,0.481908990090208,0.481908990090172,0.000000000000036
-0.720000000000063,0.486752255959969,0.486752255959941,0.000000000000028
-0.710000000000063,0.491644197460961,0.491644197460934,0.000000000000027
-0.700000000000063,0.496585303791401,0.496585303791378,0.000000000000023
-0.690000000000063,0.501576069066059,0.501576069066024,0.000000000000035
-0.680000000000063,0.506616992365593,0.506616992365558,0.000000000000035
-0.670000000000063,0.511708577786546,0.511708577786510,0.000000000000036
-0.660000000000063,0.516851334491698,0.516851334491667,0.000000000000031
-0.650000000000063,0.522045776761000,0.522045776760983,0.000000000000017
-0.640000000000063,0.527292424043067,0.527292424043015,0.000000000000052
-0.630000000000063,0.532591801006904,0.532591801006864,0.000000000000040
-0.620000000000063,0.537944437594680,0.537944437594641,0.000000000000040
-0.610000000000063,0.543350869074492,0.543350869074466,0.000000000000026
-0.600000000000063,0.548811636094004,0.548811636093992,0.000000000000012
-0.590000000000063,0.554327284734504,0.554327284734472,0.000000000000031
-0.580000000000063,0.559898366565391,0.559898366565367,0.000000000000024
-0.570000000000063,0.565525438699541,0.565525438699502,0.000000000000039
-0.560000000000063,0.571209063848812,0.571209063848779,0.000000000000033
-0.550000000000063,0.576949810380472,0.576949810380451,0.000000000000021
-0.540000000000063,0.582748252373986,0.582748252373953,0.000000000000033
-0.530000000000063,0.588604969678349,0.588604969678318,0.000000000000031
-0.520000000000063,0.594520547970180,0.594520547970157,0.000000000000023
-0.510000000000063,0.600495578812276,0.600495578812228,0.000000000000048
-0.500000000000063,0.606530659712626,0.606530659712595,0.000000000000031
-0.490000000000063,0.612626394184394,0.612626394184378,0.000000000000016
-0.480000000000063,0.618783391806141,0.618783391806102,0.000000000000039
-0.470000000000063,0.625002268282696,0.625002268282662,0.000000000000034
-0.460000000000063,0.631283645506918,0.631283645506886,0.000000000000032
-0.450000000000063,0.637628151621784,0.637628151621733,0.000000000000050
-0.440000000000063,0.644036421083141,0.644036421083101,0.000000000000039
-0.430000000000063,0.650509094723316,0.650509094723276,0.000000000000040
-0.420000000000063,0.657046819815026,0.657046819815016,0.000000000000010
-0.410000000000063,0.663650250136310,0.663650250136278,0.000000000000032
-0.400000000000063,0.670320046035610,0.670320046035597,0.000000000000013
-0.390000000000063,0.677056874498159,0.677056874498122,0.000000000000037
-0.380000000000063,0.683861409212365,0.683861409212313,0.000000000000052
-0.370000000000063,0.690734330637349,0.690734330637311,0.000000000000037
-0.360000000000062,0.697676326071030,0.697676326070988,0.000000000000043
-0.350000000000062,0.704688089718685,0.704688089718669,0.000000000000015
-0.340000000000062,0.711770322762576,0.711770322762565,0.000000000000010
-0.330000000000062,0.718923733431895,0.718923733431881,0.000000000000013
-0.320000000000062,0.726149037073656,0.726149037073646,0.000000000000010
-0.310000000000062,0.733446956224252,0.733446956224243,0.000000000000008
-0.300000000000062,0.740818220681676,0.740818220681672,0.000000000000004
-0.290000000000062,0.748263567578517,0.748263567578519,0.000000000000001
-0.280000000000062,0.755783741455675,0.755783741455678,0.000000000000003
-0.270000000000062,0.763379494336810,0.763379494336806,0.000000000000004
-0.260000000000062,0.771051585803511,0.771051585803518,0.000000000000007
-0.250000000000062,0.778800783071366,0.778800783071356,0.000000000000010
-0.240000000000062,0.786627861066499,0.786627861066504,0.000000000000005
-0.230000000000062,0.794533602503291,0.794533602503284,0.000000000000007
-0.220000000000062,0.802518797962439,0.802518797962428,0.000000000000011
-0.210000000000062,0.810584245970142,0.810584245970137,0.000000000000006
-0.200000000000062,0.818730753077935,0.818730753077931,0.000000000000004
-0.190000000000062,0.826959133943324,0.826959133943311,0.000000000000013
-0.180000000000062,0.835270211411208,0.835270211411220,0.000000000000012
-0.170000000000062,0.843664816596327,0.843664816596331,0.000000000000004
-0.160000000000062,0.852143788966166,0.852143788966158,0.000000000000008
-0.150000000000062,0.860707976425008,0.860707976425004,0.000000000000004
-0.140000000000062,0.869358235398752,0.869358235398752,0.000000000000000
-0.130000000000062,0.878095430920505,0.878095430920507,0.000000000000002
-0.120000000000062,0.886920436717102,0.886920436717102,0.000000000000001
-0.110000000000062,0.895834135296481,0.895834135296472,0.000000000000008
-0.100000000000062,0.904837418035895,0.904837418035903,0.000000000000008
-0.090000000000062,0.913931185271154,0.913931185271171,0.000000000000017
-0.080000000000062,0.923116346386571,0.923116346386578,0.000000000000007
-0.070000000000062,0.932393819905906,0.932393819905890,0.000000000000016
-0.060000000000062,0.941764533584193,0.941764533584190,0.000000000000003
-0.050000000000062,0.951229424500653,0.951229424500655,0.000000000000001
-0.040000000000062,0.960789439152262,0.960789439152263,0.000000000000001
-0.030000000000062,0.970445533548452,0.970445533548448,0.000000000000004
-0.020000000000062,0.980198673306697,0.980198673306694,0.000000000000003
-0.010000000000062,0.990049833749110,0.990049833749106,0.000000000000004
-0.000000000000062,0.999999999999943,0.999999999999938,0.000000000000005
0.009999999999938,1.010050167084116,1.010050167084105,0.000000000000011
0.019999999999938,1.020201340026652,1.020201340026692,0.000000000000041
0.029999999999938,1.030454533953443,1.030454533953453,0.000000000000010
0.039999999999938,1.040810774192293,1.040810774192323,0.000000000000030
0.049999999999938,1.051271096375937,1.051271096375959,0.000000000000022
0.059999999999938,1.061836546545269,1.061836546545293,0.000000000000024
0.069999999999938,1.072508181254172,1.072508181254150,0.000000000000022
0.079999999999938,1.083287067674883,1.083287067674891,0.000000000000008
0.089999999999938,1.094174283705136,1.094174283705142,0.000000000000006
0.099999999999938,1.105170918075588,1.105170918075579,0.000000000000010
0.109999999999938,1.116278070458797,1.116278070458802,0.000000000000005
0.119999999999938,1.127496851579310,1.127496851579305,0.000000000000005
0.129999999999938,1.138828383324539,1.138828383324551,0.000000000000012
0.139999999999938,1.150273798857132,1.150273798857156,0.000000000000024
0.149999999999938,1.161834242728238,1.161834242728211,0.000000000000027
0.159999999999938,1.173510870991714,1.173510870991737,0.000000000000023
0.169999999999938,1.185304851320286,1.185304851320292,0.000000000000005
0.179999999999938,1.197217363121732,1.197217363121736,0.000000000000004
0.189999999999938,1.209249597657132,1.209249597657176,0.000000000000044
0.199999999999938,1.221402758160110,1.221402758160094,0.000000000000016
0.209999999999938,1.233678059956648,1.233678059956666,0.000000000000018
0.219999999999938,1.246076730587287,1.246076730587303,0.000000000000017
0.229999999999938,1.258600009929405,1.258600009929399,0.000000000000006
0.239999999999938,1.271249150321329,1.271249150321326,0.000000000000004
0.249999999999938,1.284025416687630,1.284025416687662,0.000000000000032
0.259999999999938,1.296930086665656,1.296930086665691,0.000000000000035
0.269999999999938,1.309964450733146,1.309964450733166,0.000000000000019
0.279999999999938,1.323129812337369,1.323129812337355,0.000000000000014
0.289999999999938,1.336427488025389,1.336427488025389,0.000000000000000
0.299999999999938,1.349858807575897,1.349858807575919,0.000000000000022
0.309999999999938,1.363425114132073,1.363425114132093,0.000000000000020
0.319999999999938,1.377127764335893,1.377127764335871,0.000000000000022
0.329999999999938,1.390968128463688,1.390968128463694,0.000000000000006
0.339999999999938,1.404947590563485,1.404947590563506,0.000000000000021
0.349999999999938,1.419067548593077,1.419067548593169,0.000000000000092
0.359999999999938,1.433329414560166,1.433329414560251,0.000000000000085
0.369999999999938,1.447734614663146,1.447734614663235,0.000000000000089
0.379999999999938,1.462284589434061,1.462284589434134,0.000000000000073
0.389999999999938,1.476980793882457,1.476980793882551,0.000000000000093
0.399999999999938,1.491824697641125,1.491824697641178,0.000000000000053
0.409999999999938,1.506817785112678,1.506817785112760,0.000000000000081
0.419999999999938,1.521961555618470,1.521961555618539,0.000000000000069
0.429999999999938,1.537257523548102,1.537257523548186,0.000000000000084
0.439999999999938,1.552707218511167,1.552707218511240,0.000000000000073
0.449999999999938,1.568312185489954,1.568312185490071,0.000000000000117
0.459999999999938,1.584073984994287,1.584073984994383,0.000000000000096
0.469999999999938,1.599994193217198,1.599994193217261,0.000000000000063
0.479999999999938,1.616074402192690,1.616074402192793,0.000000000000103
0.489999999999938,1.632316219955166,1.632316219955278,0.000000000000112
0.499999999999938,1.648721270699918,1.648721270700026,0.000000000000108
0.509999999999938,1.665291194945683,1.665291194945783,0.000000000000100
0.519999999999938,1.682027649698677,1.682027649698782,0.000000000000105
0.529999999999938,1.698932308618341,1.698932308618445,0.000000000000104
0.539999999999938,1.716006862184654,1.716006862184752,0.000000000000098
0.549999999999938,1.733253017867182,1.733253017867288,0.000000000000106
0.559999999999938,1.750672500295866,1.750672500295992,0.000000000000126
0.569999999999938,1.768267051433562,1.768267051433626,0.000000000000064
0.579999999999938,1.786038430749860,1.786038430749963,0.000000000000103
0.589999999999938,1.803988415397657,1.803988415397745,0.000000000000088
0.599999999999938,1.822118800390320,1.822118800390396,0.000000000000076
0.609999999999938,1.840431398781436,1.840431398781524,0.000000000000087
0.619999999999938,1.858928041846144,1.858928041846227,0.000000000000083
0.629999999999938,1.877610579264134,1.877610579264227,0.000000000000092
0.639999999999938,1.896480879304706,1.896480879304834,0.000000000000128
0.649999999999938,1.915540829013650,1.915540829013777,0.000000000000128
0.659999999999938,1.934792334401794,1.934792334401912,0.000000000000118
0.669999999999938,1.954237320635669,1.954237320635819,0.000000000000150
0.679999999999938,1.973877732230203,1.973877732230325,0.000000000000122
0.689999999999938,1.993715533242847,1.993715533242959,0.000000000000112
0.699999999999938,2.013752707470240,2.013752707470352,0.000000000000112
0.709999999999938,2.033991258646455,2.033991258646625,0.000000000000170
0.719999999999938,2.054433210643683,2.054433210643761,0.000000000000078
0.729999999999938,2.075080607673897,2.075080607673994,0.000000000000098
0.739999999999938,2.095935514494119,2.095935514494235,0.000000000000116
0.749999999999938,2.117000016612413,2.117000016612544,0.000000000000131
0.759999999999938,2.138276220496615,2.138276220496687,0.000000000000072
0.769999999999938,2.159766253784678,2.159766253784781,0.000000000000103
0.779999999999938,2.181472265497980,2.181472265498066,0.000000000000086
0.789999999999938,2.203396426255661,2.203396426255801,0.000000000000139
0.799999999999938,2.225540928492280,2.225540928492330,0.000000000000051
0.809999999999938,2.247907986676250,2.247907986676333,0.000000000000083
0.819999999999938,2.270499837532134,2.270499837532265,0.000000000000131
0.829999999999938,2.293318740263918,2.293318740264041,0.000000000000123
0.839999999999938,2.316366976780777,2.316366976780948,0.000000000000171
0.849999999999938,2.339646851925692,2.339646851925846,0.000000000000155
0.859999999999938,2.363160693705578,2.363160693705649,0.000000000000071
0.869999999999938,2.386910853523968,2.386910853524129,0.000000000000161
0.879999999999938,2.410899706416899,2.410899706417061,0.000000000000162
0.889999999999938,2.435129651289557,2.435129651289724,0.000000000000167
0.899999999999938,2.459603111156601,2.459603111156798,0.000000000000197
0.909999999999938,2.484322533384510,2.484322533384663,0.000000000000153
0.919999999999938,2.509290389936006,2.509290389936143,0.000000000000137
0.929999999999938,2.534509177617590,2.534509177617698,0.000000000000108
0.939999999999938,2.559981418328990,2.559981418329114,0.000000000000123
0.949999999999938,2.585709659315615,2.585709659315687,0.000000000000072
0.959999999999938,2.611696473422897,2.611696473422957,0.000000000000060
0.969999999999938,2.637944459353769,2.637944459353990,0.000000000000221
0.979999999999938,2.664456241928986,2.664456241929253,0.000000000000267
0.989999999999938,2.691234472348965,2.691234472349096,0.000000000000131
0.999999999999938,2.718281828458729,2.718281828458878,0.000000000000148
1.009999999999938,2.745601015016479,2.745601015016747,0.000000000000268
1.019999999999938,2.773194763963987,2.773194763964127,0.000000000000139
1.029999999999938,2.801065834698802,2.801065834698906,0.000000000000104
1.039999999999938,2.829217014351098,2.829217014351385,0.000000000000287
1.049999999999938,2.857651118062656,2.857651118062988,0.000000000000332
1.059999999999938,2.886370989267492,2.886370989267780,0.000000000000288
1.069999999999938,2.915379499976463,2.915379499976817,0.000000000000354
1.079999999999938,2.944679551065071,2.944679551065342,0.000000000000271
1.089999999999938,2.974274072562543,2.974274072562882,0.000000000000338
1.099999999999938,3.004166023945952,3.004166023946248,0.000000000000296
1.109999999999938,3.034358394435140,3.034358394435488,0.000000000000348
1.119999999999938,3.064854203292431,3.064854203292813,0.000000000000382
1.129999999999938,3.095656500124166,3.095656500124521,0.000000000000355
1.139999999999938,3.126768365185626,3.126768365185963,0.000000000000337
1.149999999999938,3.158192909689257,3.158192909689573,0.000000000000316
1.159999999999938,3.189933276115600,3.189933276115988,0.000000000000388
1.169999999999938,3.221992638527976,3.221992638528302,0.000000000000326
1.179999999999938,3.254374202889131,3.254374202889470,0.000000000000340
1.189999999999938,3.287081207382535,3.287081207382916,0.000000000000381
1.199999999999938,3.320116922735943,3.320116922736343,0.000000000000400
1.209999999999938,3.353484652548462,3.353484652548817,0.000000000000355
1.219999999999938,3.387187733620784,3.387187733621126,0.000000000000342
1.229999999999938,3.421229536289126,3.421229536289463,0.000000000000337
1.239999999999938,3.455613464762038,3.455613464762463,0.000000000000425
1.249999999999938,3.490342957461278,3.490342957461626,0.000000000000349
1.259999999999939,3.525421487364798,3.525421487365165,0.000000000000367
1.269999999999939,3.560852562354927,3.560852562355302,0.000000000000374
1.279999999999939,3.596639725568658,3.596639725569061,0.000000000000403
1.289999999999939,3.632786555752157,3.632786555752586,0.000000000000428
1.299999999999939,3.669296667618613,3.669296667619019,0.000000000000406
1.309999999999939,3.706173712209560,3.706173712209971,0.000000000000411
1.319999999999939,3.743421377260208,3.743421377260633,0.000000000000425
1.329999999999939,3.781043387568086,3.781043387568548,0.000000000000462
1.339999999999939,3.819043505365606,3.819043505366101,0.000000000000495
1.349999999999939,3.857425530696271,3.857425530696737,0.000000000000466
1.359999999999939,3.896193301794470,3.896193301794975,0.000000000000505
1.369999999999939,3.935350695469761,3.935350695470231,0.000000000000471
1.379999999999939,3.974901627494149,3.974901627494504,0.000000000000355
1.389999999999939,4.014850052993472,4.014850052993955,0.000000000000483
1.399999999999939,4.055199966843951,4.055199966844426,0.000000000000475
1.409999999999939,4.095955404070500,4.095955404070925,0.000000000000425
1.419999999999939,4.137120440250661,4.137120440251139,0.000000000000478
1.429999999999939,4.178699191922559,4.178699191922989,0.000000000000431
1.439999999999939,4.220695816995947,4.220695816996294,0.000000000000347
1.449999999999939,4.263114515168221,4.263114515168556,0.000000000000335
1.459999999999939,4.305959528344512,4.305959528344942,0.000000000000430
1.469999999999939,4.349235141061925,4.349235141062474,0.000000000000549
1.479999999999939,4.392945680917975,4.392945680918487,0.000000000000512
1.489999999999939,4.437095519002808,4.437095519003392,0.000000000000584
1.499999999999939,4.481689070337215,4.481689070337790,0.000000000000575
1.509999999999939,4.526730794313361,4.526730794313975,0.000000000000615
1.519999999999939,4.572225195141287,4.572225195141879,0.000000000000592
1.529999999999939,4.618176822298995,4.618176822299498,0.000000000000503
1.539999999999939,4.664590270987363,4.664590270987841,0.000000000000478
1.549999999999939,4.711470182589894,4.711470182590452,0.000000000000559
1.559999999999939,4.758821245137154,4.758821245137563,0.000000000000409
1.569999999999939,4.806648193774349,4.806648193774884,0.000000000000535
1.579999999999939,4.854955811236757,4.854955811237136,0.000000000000379
1.589999999999939,4.903748928325648,4.903748928326322,0.000000000000674
1.599999999999939,4.953032424394278,4.953032424394812,0.000000000000534
1.609999999999939,5.002811227832860,5.002811227833281,0.000000000000421
1.619999999999939,5.053090316563146,5.053090316563558,0.000000000000412
1.629999999999939,5.103874718535737,5.103874718536414,0.000000000000677
1.639999999999939,5.155169512233743,5.155169512234366,0.000000000000623
1.649999999999939,5.206979827178924,5.206979827179531,0.000000000000607
1.659999999999939,5.259310844445984,5.259310844446577,0.000000000000592
1.669999999999939,5.312167797180258,5.312167797180843,0.000000000000584
1.679999999999939,5.365555971121116,5.365555971121647,0.000000000000531
1.689999999999939,5.419480705130070,5.419480705130875,0.000000000000805
1.699999999999939,5.473947391726110,5.473947391726865,0.000000000000755
1.709999999999939,5.528961477623015,5.528961477623667,0.000000000000652
1.719999999999939,5.584528464275031,5.584528464275713,0.000000000000682
1.729999999999939,5.640653908427315,5.640653908427976,0.000000000000661
1.739999999999939,5.697343422670724,5.697343422671644,0.000000000000919
1.749999999999939,5.754602676004452,5.754602676005379,0.000000000000927
1.759999999999939,5.812437394401438,5.812437394402234,0.000000000000796
1.769999999999939,5.870853361381373,5.870853361382243,0.000000000000870
1.779999999999939,5.929856418589948,5.929856418590784,0.000000000000837
1.789999999999939,5.989452466381773,5.989452466382748,0.000000000000974
1.799999999999939,6.049647464411613,6.049647464412577,0.000000000000964
1.809999999999939,6.110447432229173,6.110447432230237,0.000000000001064
1.819999999999939,6.171858449882169,6.171858449883176,0.000000000001007
1.829999999999939,6.233886658523233,6.233886658524337,0.000000000001104
1.839999999999939,6.296538261025230,6.296538261026273,0.000000000001043
1.849999999999939,6.359819522600436,6.359819522601444,0.000000000001008
1.859999999999939,6.423736771427786,6.423736771428742,0.000000000000956
1.869999999999939,6.488296399285309,6.488296399286315,0.000000000001006
1.879999999999939,6.553504862189624,6.553504862190749,0.000000000001125
1.889999999999939,6.619368681041586,6.619368681042674,0.000000000001088
1.899999999999939,6.685894442277701,6.685894442278862,0.000000000001161
1.909999999999939,6.753088798529797,6.753088798530875,0.000000000001078
1.919999999999939,6.820958469289267,6.820958469290335,0.000000000001068
1.929999999999939,6.889510241579812,6.889510241580873,0.000000000001061
1.939999999999939,6.958750970635652,6.958750970636848,0.000000000001196
1.949999999999939,7.028687580587732,7.028687580588866,0.000000000001133
1.959999999999939,7.099327065154903,7.099327065156200,0.000000000001297
1.969999999999939,7.170676488345041,7.170676488346177,0.000000000001136
1.979999999999939,7.242742985159310,7.242742985160572,0.000000000001261
1.989999999999939,7.315533762308038,7.315533762309121,0.000000000001083
1.999999999999939,7.389056098928915,7.389056098930201,0.000000000001286
2.009999999999939,7.463317347317443,7.463317347318738,0.000000000001295
2.019999999999939,7.538324933660216,7.538324933661460,0.000000000001244
2.029999999999939,7.614086358778248,7.614086358779506,0.000000000001258
2.039999999999938,7.690609198877262,7.690609198878524,0.000000000001261
2.049999999999938,7.767901106305055,7.767901106306291,0.000000000001236
2.059999999999938,7.845969810316689,7.845969810317961,0.000000000001273
2.069999999999938,7.924823117847617,7.924823117848994,0.000000000001377
2.079999999999937,8.004468914294376,8.004468914295852,0.000000000001476
2.089999999999937,8.084915164303370,8.084915164304553,0.000000000001183
2.099999999999937,8.166169912565836,8.166169912567137,0.000000000001300
2.109999999999937,8.248241284624756,8.248241284626140,0.000000000001384
2.119999999999937,8.331137487685815,8.331137487687164,0.000000000001348
2.129999999999936,8.414866811437868,8.414866811439595,0.000000000001727
2.139999999999936,8.499437628884291,8.499437628885580,0.000000000001290
2.149999999999936,8.584858397176120,8.584858397177344,0.000000000001224
2.159999999999936,8.671137658461561,8.671137658462898,0.000000000001338
2.169999999999936,8.758284040738801,8.758284040740270,0.000000000001469
2.179999999999935,8.846306258718483,8.846306258720309,0.000000000001826
2.189999999999935,8.935213114696509,8.935213114698168,0.000000000001659
2.199999999999935,9.025013499431775,9.025013499433534,0.000000000001759
2.209999999999935,9.115716393038273,9.115716393039710,0.000000000001437
2.219999999999934,9.207330865879982,9.207330865881648,0.000000000001666
2.229999999999934,9.299866079481541,9.299866079482975,0.000000000001434
2.239999999999934,9.393331287440704,9.393331287442162,0.000000000001458
2.249999999999934,9.487735836356363,9.487735836357897,0.000000000001535
2.259999999999934,9.583089166762276,9.583089166763742,0.000000000001465
2.269999999999933,9.679400814070382,9.679400814072196,0.000000000001814
2.279999999999933,9.776680409526572,9.776680409528252,0.000000000001680
2.289999999999933,9.874937681170671,9.874937681172522,0.000000000001851
2.299999999999933,9.974182454812608,9.974182454814050,0.000000000001442
2.309999999999933,10.074424655011235,10.074424655012907,0.000000000001672
2.319999999999932,10.175674306070608,10.175674306072647,0.000000000002039
2.329999999999932,10.277941533040837,10.277941533042750,0.000000000001913
2.339999999999932,10.381236562729367,10.381236562731138,0.000000000001771
2.349999999999932,10.485569724725211,10.485569724726858,0.000000000001647
2.359999999999931,10.590951452430950,10.590951452433055,0.000000000002105
2.369999999999931,10.697392284108792,10.697392284110316,0.000000000001524
2.379999999999931,10.804902863928842,10.804902863930513,0.000000000001672
2.389999999999931,10.913493943039166,10.913493943041219,0.000000000002053
2.399999999999931,11.023176380638686,11.023176380640837,0.000000000002151
2.409999999999930,11.133961145062530,11.133961145064530,0.000000000002000
2.419999999999930,11.245859314879478,11.245859314881061,0.000000000001583
2.429999999999930,11.358882079998386,11.358882080000662,0.000000000002276
2.439999999999930,11.473040742791747,11.473040742794028,0.000000000002281
2.449999999999930,11.588346719220146,11.588346719222573,0.000000000002427
2.459999999999929,11.704811539977451,11.704811539980028,0.000000000002577
2.469999999999929,11.822446851642928,11.822446851645523,0.000000000002595
2.479999999999929,11.941264417845733,11.941264417848254,0.000000000002521
2.489999999999929,12.061276120441262,12.061276120443859,0.000000000002597
2.499999999999929,12.182493960699899,12.182493960702603,0.000000000002704
2.509999999999928,12.304930060506681,12.304930060509529,0.000000000002848
2.519999999999928,12.428596663573794,12.428596663576650,0.000000000002856
2.529999999999928,12.553506136664787,12.553506136667325,0.000000000002538
2.539999999999928,12.679670970830388,12.679670970832959,0.000000000002570
2.549999999999927,12.807103782659455,12.807103782662102,0.000000000002647
2.559999999999927,12.935817315539328,12.935817315542135,0.000000000002807
2.569999999999927,13.065824440930704,13.065824440933605,0.000000000002901
2.579999999999927,13.197138159654394,13.197138159657392,0.000000000002998
2.589999999999927,13.329771603191709,13.329771603194796,0.000000000003087
2.599999999999926,13.463738034997824,13.463738035000699,0.000000000002874
2.609999999999926,13.599050851827197,13.599050851829922,0.000000000002725
2.619999999999926,13.735723585073973,13.735723585076908,0.000000000002935
2.629999999999926,13.873769902126007,13.873769902128876,0.000000000002869
2.639999999999926,14.013203607729521,14.013203607732569,0.000000000003048
2.649999999999925,14.154038645371601,14.154038645374746,0.000000000003144
2.659999999999925,14.296289098673576,14.296289098676530,0.000000000002954
2.669999999999925,14.439969192798467,14.439969192801797,0.000000000003331
2.679999999999925,14.585093295876471,14.585093295879691,0.000000000003221
2.689999999999924,14.731675920438320,14.731675920441457,0.000000000003137
2.699999999999924,14.879731724868682,14.879731724871707,0.000000000003025
2.709999999999924,15.029275514871093,15.029275514874261,0.000000000003167
2.719999999999924,15.180322244949400,15.180322244952739,0.000000000003340
2.729999999999924,15.332887019902905,15.332887019906025,0.000000000003119
2.739999999999923,15.486985096335660,15.486985096338747,0.000000000003087
2.749999999999923,15.642631884183627,15.642631884186970,0.000000000003343
2.759999999999923,15.799842948255632,15.799842948259180,0.000000000003547
2.769999999999923,15.958634009789115,15.958634009792796,0.000000000003681
2.779999999999923,16.119020948022598,16.119020948026296,0.000000000003698
2.789999999999922,16.281019801783355,16.281019801787163,0.000000000003809
2.799999999999922,16.444646771092106,16.444646771095769,0.000000000003663
2.809999999999922,16.609918218782202,16.609918218785403,0.000000000003201
2.819999999999922,16.776850672134330,16.776850672138558,0.000000000004228
2.829999999999921,16.945460824536362,16.945460824539687,0.000000000003325
2.839999999999921,17.115765537140796,17.115765537144529,0.000000000003734
2.849999999999921,17.287781840562527,17.287781840566275,0.000000000003748
2.859999999999921,17.461526936574245,17.461526936578608,0.000000000004363
2.869999999999921,17.637018199832589,17.637018199835921,0.000000000003332
2.879999999999920,17.814273179607081,17.814273179610780,0.000000000003698
2.889999999999920,17.993309601545004,17.993309601548880,0.000000000003876
2.899999999999920,18.174145369437973,18.174145369441607,0.000000000003634
2.909999999999920,18.356798567011644,18.356798567016451,0.000000000004807
2.919999999999920,18.541287459740889,18.541287459745377,0.000000000004487
2.929999999999919,18.727630496666968,18.727630496671406,0.000000000004437
2.939999999999919,18.915846312248995,18.915846312253510,0.000000000004515
2.949999999999919,19.105953728226307,19.105953728230098,0.000000000003791
2.959999999999919,19.297971755496981,19.297971755501191,0.000000000004210
2.969999999999918,19.491919596025223,19.491919596029529,0.000000000004306
2.979999999999918,19.687816644755877,19.687816644760790,0.000000000004913
2.989999999999918,19.885682491558512,19.885682491563099,0.000000000004587
2.999999999999918,20.085536923181170,20.085536923186016,0.000000000004846
3.009999999999918,20.287399925234674,20.287399925239260,0.000000000004587
3.019999999999917,20.491291684187225,20.491291684191250,0.000000000004025
3.029999999999917,20.697232589382693,20.697232589387788,0.000000000005095
3.039999999999917,20.905243235085923,20.905243235091021,0.000000000005098
3.049999999999917,21.115344422534708,21.115344422538854,0.000000000004146
3.059999999999917,21.327557162020842,21.327557162025123,0.000000000004281
3.069999999999916,21.541902674995985,21.541902675000614,0.000000000004629
3.079999999999916,21.758402396191194,21.758402396195255,0.000000000004061
3.089999999999916,21.977077975756849,21.977077975761574,0.000000000004725
3.099999999999916,22.197951281434900,22.197951281439764,0.000000000004864
3.109999999999915,22.421044400739007,22.421044400744449,0.000000000005443
3.119999999999915,22.646379643167126,22.646379643173479,0.000000000006352
3.129999999999915,22.873979542433020,22.873979542438867,0.000000000005848
3.139999999999915,23.103866858714095,23.103866858720217,0.000000000006121
3.149999999999915,23.336064580934767,23.336064580940722,0.000000000005954
3.159999999999914,23.570595929059564,23.570595929066108,0.000000000006544
3.169999999999914,23.807484356420161,23.807484356426627,0.000000000006466
3.179999999999914,24.046753552055890,24.046753552062427,0.000000000006537
3.189999999999914,24.288427443086206,24.288427443092463,0.000000000006256
3.199999999999914,24.532530197100545,24.532530197107228,0.000000000006683
3.209999999999913,24.779086224578947,24.779086224585548,0.000000000006601
3.219999999999913,25.028120181328877,25.028120181335634,0.000000000006757
3.229999999999913,25.279656970954044,25.279656970960691,0.000000000006647
3.239999999999913,25.533721747342398,25.533721747349297,0.000000000006899
3.249999999999913,25.790339917184113,25.790339917190806,0.000000000006693
3.259999999999912,26.049537142508647,26.049537142516058,0.000000000007411
3.269999999999912,26.311339343256630,26.311339343263580,0.000000000006949
3.279999999999912,26.575772699864618,26.575772699871617,0.000000000006999
3.289999999999912,26.842863655888955,26.842863655896192,0.000000000007237
3.299999999999911,27.112638920647971,27.112638920655488,0.000000000007518
3.309999999999911,27.385125471893492,27.385125471900785,0.000000000007294
3.319999999999911,27.660350558506483,27.660350558514288,0.000000000007805
3.329999999999911,27.938341703226641,27.938341703234013,0.000000000007372
3.339999999999911,28.219126705398541,28.219126705406090,0.000000000007550
3.349999999999910,28.502733643756493,28.502733643764724,0.000000000008232
3.359999999999910,28.789190879231896,28.789190879240092,0.000000000008196
3.369999999999910,29.078527057786818,29.078527057794457,0.000000000007638
3.379999999999910,29.370771113278977,29.370771113286786,0.000000000007809
3.389999999999910,29.665952270357650,29.665952270366169,0.000000000008519
3.399999999999909,29.964100047385532,29.964100047394297,0.000000000008765
3.409999999999909,30.265244259388801,30.265244259397331,0.000000000008530
3.419999999999909,30.569415021039589,30.569415021047426,0.000000000007837
3.429999999999909,30.876642749665745,30.876642749674222,0.000000000008477
3.439999999999908,31.186958168297799,31.186958168306607,0.000000000008807
3.449999999999908,31.500392308735865,31.500392308745042,0.000000000009177
3.459999999999908,31.816976514655998,31.816976514664766,0.000000000008768
3.469999999999908,32.136742444742040,32.136742444750190,0.000000000008150
3.479999999999908,32.459722075851573,32.459722075860796,0.000000000009223
3.489999999999907,32.785947706218785,32.785947706228853,0.000000000010068
3.499999999999907,33.115451958681383,33.115451958689242,0.000000000007859
3.509999999999907,33.448267783932074,33.448267783941802,0.000000000009727
3.519999999999907,33.784428463837045,33.784428463846403,0.000000000009358
3.529999999999907,34.123967614740799,34.123967614751173,0.000000000010374
3.539999999999906,34.466919190844642,34.466919190854156,0.000000000009514
3.549999999999906,34.813317487588506,34.813317487598752,0.000000000010246
3.559999999999906,35.163197145093498,35.163197145103304,0.000000000009805
3.569999999999906,35.516593151614387,35.516593151625123,0.000000000010736
3.579999999999905,35.873540847048801,35.873540847059367,0.000000000010566
3.589999999999905,36.234075926462538,36.234075926473032,0.000000000010495
3.599999999999905,36.598234443663998,36.598234443674514,0.000000000010516
3.609999999999905,36.966052814808776,36.966052814818987,0.000000000010210
3.619999999999905,37.337567822039617,37.337567822050090,0.000000000010473
3.629999999999904,37.712816617167270,37.712816617178142,0.000000000010871
3.639999999999904,38.091836725385129,38.091836725395368,0.000000000010239
3.649999999999904,38.474666049019028,38.474666049028428,0.000000000009400
3.659999999999904,38.861342871318733,38.861342871328723,0.000000000009990
3.669999999999904,39.251905860290776,39.251905860300717,0.000000000009940
3.679999999999903,39.646394072558508,39.646394072568761,0.000000000010253
3.689999999999903,40.044846957271780,40.044846957282843,0.000000000011063
3.699999999999903,40.447304360051731,40.447304360063463,0.000000000011731
3.709999999999903,40.853806526974552,40.853806526986290,0.000000000011738
3.719999999999902,41.264394108596235,41.264394108606773,0.000000000010537
3.729999999999902,41.679108164014998,41.679108164025223,0.000000000010225
3.739999999999902,42.097990164980551,42.097990164992780,0.000000000012228
3.749999999999902,42.521082000045951,42.521082000058612,0.000000000012662
3.759999999999902,42.948425978747949,42.948425978758799,0.000000000010850
3.769999999999901,43.380064835836720,43.380064835847342,0.000000000010623
3.779999999999901,43.816041735556411,43.816041735569641,0.000000000013230
3.789999999999901,44.256400275965845,44.256400275978990,0.000000000013145
3.799999999999901,44.701184493284202,44.701184493296388,0.000000000012186
3.809999999999901,45.150438866300611,45.150438866314232,0.000000000013621
3.819999999999900,45.604208320829962,45.604208320844194,0.000000000014232
3.829999999999900,46.062538234194804,46.062538234209875,0.000000000015071
3.839999999999900,46.525474439768985,46.525474439784553,0.000000000015568
3.849999999999900,46.993063231559482,46.993063231574567,0.000000000015085
3.859999999999900,47.465351368833119,47.465351368848758,0.000000000015639
3.869999999999899,47.942386080798244,47.942386080814423,0.000000000016179
3.879999999999899,48.424215071324014,48.424215071340292,0.000000000016279
3.889999999999899,48.910886523710502,48.910886523726937,0.000000000016435
3.899999999999899,49.402449105509589,49.402449105525164,0.000000000015575
3.909999999999898,49.898951973386602,49.898951973402795,0.000000000016193
3.919999999999898,50.400444778043834,50.400444778060361,0.000000000016527
3.929999999999898,50.906977669178879,50.906977669196237,0.000000000017359
3.939999999999898,51.418601300505877,51.418601300521665,0.000000000015788
3.949999999999898,51.935366834809265,51.935366834826112,0.000000000016847
3.959999999999897,52.457325949075738,52.457325949093665,0.000000000017927
3.969999999999897,52.984530839652599,52.984530839670711,0.000000000018112
3.979999999999897,53.517034227468805,53.517034227485645,0.000000000016840
3.989999999999897,54.054889363302387,54.054889363321010,0.000000000018623
3.999999999999897,54.598150033120184,54.598150033138587,0.000000000018403
4.009999999999897,55.146870563440800,55.146870563458123,0.000000000017323
4.019999999999897,55.701105826771098,55.701105826789849,0.000000000018751
4.029999999999896,56.260911247102968,56.260911247122003,0.000000000019035
4.039999999999896,56.826342805444938,56.826342805463121,0.000000000018183
4.049999999999896,57.397457045421994,57.397457045440220,0.000000000018225
4.059999999999896,57.974311078933006,57.974311078953242,0.000000000020236
4.069999999999895,58.556962591866707,58.556962591886247,0.000000000019540
4.079999999999895,59.145469849857150,59.145469849876072,0.000000000018922
4.089999999999895,59.739891704120481,59.739891704138934,0.000000000018453
4.099999999999895,60.340287597335291,60.340287597355626,0.000000000020336
4.109999999999895,60.946717569595350,60.946717569615785,0.000000000020435
4.119999999999894,61.559242264400893,61.559242264422018,0.000000000021124
4.129999999999894,62.177922934734681,62.177922934754221,0.000000000019540
4.139999999999894,62.802821449173827,62.802821449195015,0.000000000021188
4.149999999999894,63.434000298095476,63.434000298116587,0.000000000021110
4.159999999999894,64.071522599908633,64.071522599929807,0.000000000021174
4.169999999999893,64.715452107376095,64.715452107396146,0.000000000020052
4.179999999999893,65.365853213978909,65.365853214002939,0.000000000024031
4.189999999999893,66.022790960382252,66.022790960402858,0.000000000020606
4.199999999999893,66.686331040895524,66.686331040917992,0.000000000022467
4.209999999999892,67.356539810086687,67.356539810109339,0.000000000022652
4.219999999999892,68.033484289392106,68.033484289412343,0.000000000020236
4.229999999999892,68.717232173817465,68.717232173839051,0.000000000021586
4.239999999999892,69.407851838723914,69.407851838747675,0.000000000023761
4.249999999999892,70.105412346656777,70.105412346680268,0.000000000023491
4.259999999999891,70.809983454246975,70.809983454268888,0.000000000021913
4.269999999999891,71.521635619188103,71.521635619211438,0.000000000023334
4.279999999999891,72.240440007294211,72.240440007317488,0.000000000023277
4.289999999999891,72.966468499599998,72.966468499624838,0.000000000024841
4.299999999999891,73.699793699565348,73.699793699587730,0.000000000022382
4.309999999999890,74.440488940315362,74.440488940337289,0.000000000021927
4.319999999999890,75.188628291990241,75.188628292014826,0.000000000024585
4.329999999999890,75.944286569152581,75.944286569178971,0.000000000026390
4.339999999999890,76.707539338259977,76.707539338287134,0.000000000027157
4.349999999999890,77.478462925228271,77.478462925252302,0.000000000024031
4.359999999999889,78.257134423050616,78.257134423075584,0.000000000024968
4.369999999999889,79.043631699529001,79.043631699555689,0.000000000026688
4.379999999999889,79.838033405049060,79.838033405075649,0.000000000026589
4.389999999999889,80.640418980438980,80.640418980468027,0.000000000029047
4.399999999999888,81.450868664930269,81.450868664959032,0.000000000028763
4.409999999999888,82.269463504162800,82.269463504192487,0.000000000029686
4.419999999999888,83.096285358306702,83.096285358334470,0.000000000027768
4.429999999999888,83.931416910232272,83.931416910259415,0.000000000027143
4.439999999999888,84.774941673790863,84.774941673818475,0.000000000027612
4.449999999999887,85.626944002161196,85.626944002190925,0.000000000029729
4.459999999999887,86.487509096291376,86.487509096319627,0.000000000028251
4.469999999999887,87.356723013402842,87.356723013431136,0.000000000028294
4.479999999999887,88.234672675612430,88.234672675641491,0.000000000029061
4.489999999999887,89.121445878618360,89.121445878648544,0.000000000030184
4.499999999999886,90.017131300480770,90.017131300511579,0.000000000030809
4.509999999999886,90.921818510484428,90.921818510519202,0.000000000034774
4.519999999999886,91.835597978113029,91.835597978146296,0.000000000033268
4.529999999999886,92.758561082064674,92.758561082101139,0.000000000036465
4.539999999999885,93.690800119427436,93.690800119463233,0.000000000035797
4.549999999999885,94.632408314877978,94.632408314913221,0.000000000035243
4.559999999999885,95.583479830018916,95.583479830055296,0.000000000036380
4.569999999999885,96.544109772798166,96.544109772833536,0.000000000035371
4.579999999999885,97.514394207005338,97.514394207042756,0.000000000037417
4.589999999999884,98.494430161896076,98.494430161934943,0.000000000038867
4.599999999999884,99.484315641885345,99.484315641922294,0.000000000036948
4.609999999999884,100.484149636339154,100.484149636377694,0.000000000038540
4.619999999999884,101.494032129495125,101.494032129533821,0.000000000038696
4.629999999999884,102.514064110443115,102.514064110481527,0.000000000038412
4.639999999999883,103.544347583228586,103.544347583268959,0.000000000040373
4.649999999999883,104.584985577061587,104.584985577101975,0.000000000040387
4.659999999999883,105.636082156607984,105.636082156647120,0.000000000039137
4.669999999999883,106.697742432398073,106.697742432438318,0.000000000040245
4.679999999999882,107.770072571346461,107.770072571387828,0.000000000041368
4.689999999999882,108.853179807363546,108.853179807403166,0.000000000039620
4.699999999999882,109.947172452067704,109.947172452110536,0.000000000042832
4.709999999999882,111.052159905643833,111.052159905686054,0.000000000042220
4.719999999999882,112.168252667753151,112.168252667795926,0.000000000042775
4.729999999999881,113.295562348604491,113.295562348646428,0.000000000041936
4.739999999999881,114.434201680100870,114.434201680145080,0.000000000044210
4.749999999999881,115.584284527127465,115.584284527173907,0.000000000046441
4.759999999999881,116.745925898929201,116.745925898975997,0.000000000046796
4.769999999999881,117.919241960612254,117.919241960656578,0.000000000044324
4.779999999999880,119.104350044752337,119.104350044799602,0.000000000047265
4.789999999999880,120.301368663155756,120.301368663201046,0.000000000045290
4.799999999999880,121.510417518676007,121.510417518720288,0.000000000044281
4.809999999999880,122.731617517204512,122.731617517250427,0.000000000045915
4.819999999999879,123.965090779761752,123.965090779808975,0.000000000047223
4.829999999999879,125.210960654702447,125.210960654750082,0.000000000047635
4.839999999999879,126.469351730052495,126.469351730099490,0.000000000046995
4.849999999999879,127.740389845964913,127.740389846013386,0.000000000048473
4.859999999999879,129.024202107316114,129.024202107362555,0.000000000046441
4.869999999999878,130.320916896395374,130.320916896442981,0.000000000047606
4.879999999999878,131.630663885765244,131.630663885814187,0.000000000048942
4.889999999999878,132.953574051214048,132.953574051266571,0.000000000052523
4.899999999999878,134.289779684870723,134.289779684919068,0.000000000048345
4.909999999999878,135.639414408392810,135.639414408448602,0.000000000055792
4.919999999999877,137.002613186396133,137.002613186452180,0.000000000056048
4.929999999999877,138.379512339894518,138.379512339943659,0.000000000049141
4.939999999999877,139.770249559932097,139.770249559985757,0.000000000053660
4.949999999999877,141.174963921406516,141.174963921459437,0.000000000052921
4.959999999999877,142.593795896917356,142.593795896971471,0.000000000054115
4.969999999999876,144.026887370843781,144.026887370901761,0.000000000057980
4.979999999999876,145.474381653538444,145.474381653591962,0.000000000053518
4.989999999999876,146.936423495617447,146.936423495676564,0.000000000059117
4.999999999999876,148.413159102506967,148.413159102558154,0.000000000051187
